0 1383
339 723
1097 2234
2287 7110
2528 4476
2827 4389
3586 5462
3825 6431
3848 7078
4226 6771
6418 1359
6744 8050
7201 2791
7689 1723
7859 4054
8329 7161
8449 8430
1 2845
65 662
102 4050
111 846
200 1643
206 6896
372 148
403 4645
452 7639
636 152
659 4631
665 2445
678 6143
721 2505
726 7828
949 4413
996 6128
1075 883
1080 2073
1126 3894
1146 4973
1180 4078
1203 2251
1232 4608
1260 3248
1270 3579
1289 3081
1338 380
1392 4714
1446 3140
1467 2527
1565 2713
1574 6731
1640 4999
1728 1739
1821 4285
1949 4942
2006 2222
2040 2051
2059 7157
2083 876
2091 5443
2097 3543
2114 3737
2229 4315
2295 3279
2367 4388
2396 1517
2437 5059
2465 1130
2561 3381
2649 6512
2728 413
2835 425
2846 5712
2969 2617
3062 2219
3112 7727
3150 4547
3176 6076
3178 3137
3375 5308
3429 6930
3570 5723
3579 1718
3665 8076
3690 8347
3739 6060
3745 7676
3892 330
3930 2315
3989 1354
4134 2319
4148 104
4176 3232
4229 5484
4244 1154
4270 4292
4284 3982
4321 6597
4390 4901
4445 7929
4481 2757
4508 6499
4580 5547
4607 5669
4620 3929
4634 5740
4723 3174
4860 1316
4916 330
4941 8486
5096 4893
5109 6638
5241 1983
5269 2331
5337 231
5390 6564
5392 7460
5436 8145
5510 236
5530 6965
5583 5349
5620 175
5622 3496
5680 6869
5723 3156
5778 831
5814 1936
5822 3971
5914 6538
5959 2166
6023 7408
6029 2305
6090 4958
6118 958
6138 759
6189 8538
6198 8312
6371 7830
6377 5395
6491 3827
6523 5257
6535 744
6594 6627
6668 452
6715 7870
6720 2370
6739 5786
6779 4192
6995 6425
7069 154
7079 7975
7090 1243
7185 8247
7255 2709
7256 4554
7262 3788
7329 3612
7337 5407
7358 561
7371 7641
7417 3154
7526 2597
7539 5520
7742 6219
7775 3250
7829 386
7835 1299
8000 6019
8012 2965
8015 3469
8070 4594
8146 6865
8197 4126
8280 2605
8301 2199
8312 1278
8347 5610
8418 3652
2 7438
249 5383
330 6570
1035 1464
1401 5353
1816 6476
2056 5902
2204 7006
2225 6375
3453 1331
3858 5094
3979 1832
4567 3115
4804 2221
4888 2760
5465 1120
6330 7417
6884 364
7075 202
7603 4603
7924 7920
8547 7884
3 8398
79 6922
106 7464
182 6142
209 2384
214 645
218 7817
231 4945
257 2610
312 1293
357 5122
415 2264
474 6500
562 1888
619 1952
621 3086
640 5897
645 4331
649 4
653 1759
836 8261
885 2454
905 3171
1044 4294
1163 7721
1215 5000
1218 5072
1361 1454
1372 1361
1381 5638
1493 5105
1564 4541
1592 6408
1627 6083
1726 1213
1771 3308
1783 1938
1785 4195
1919 5584
1931 7553
1960 3905
2022 602
2049 2704
2093 5376
2103 8517
2124 5570
2146 4234
2167 8123
2210 6933
2228 2375
2290 5494
2335 2492
2423 939
2440 2317
2515 7429
2517 6389
2570 8129
2600 860
2679 8303
2695 5894
2755 4838
2802 5303
2807 7124
2833 1326
2853 4091
2891 4091
2903 7896
2948 8315
2973 3801
2993 8196
3000 5958
3067 7070
3095 6947
3111 8034
3182 2301
3189 2002
3227 8222
3282 5893
3369 7650
3445 864
3530 1401
3608 2465
3667 5769
3731 1482
3781 7443
3816 784
3905 5753
3927 3725
3947 241
4053 492
4063 390
4076 3351
4193 7100
4206 5349
4222 7938
4301 2591
4328 7708
4335 4186
4393 2217
4395 1655
4528 4711
4571 2924
4575 647
4606 6029
4626 7176
4631 1570
4653 1971
4674 271
4692 4819
4824 4641
4835 5757
4839 5356
4877 6100
4950 5955
4961 3652
4963 4853
5007 900
5037 1696
5076 4961
5082 2503
5207 4015
5261 2446
5277 5665
5302 4537
5303 5405
5312 4862
5319 3593
5320 2516
5336 5502
5340 3576
5373 1799
5387 7074
5389 6027
5429 4760
5513 5870
5554 59
5564 923
5633 3052
5724 4042
5782 1052
5944 4583
6067 5738
6071 4031
6073 161
6079 8085
6104 5152
6112 450
6120 5235
6123 342
6152 5586
6159 2444
6172 3580
6307 7589
6353 7681
6470 1650
6483 4190
6540 6976
6601 55
6691 4243
6729 2021
6754 7915
6787 2945
6836 6824
6945 1716
7002 7527
7074 6992
7107 6232
7108 370
7117 81
7166 8239
7199 2168
7217 5563
7245 6259
7253 2783
7273 4716
7284 1512
7349 1832
7384 6568
7391 3832
7395 148
7447 4293
7455 3919
7507 6330
7624 7785
7747 4347
7773 8377
7850 8295
7872 6542
7923 245
7992 3742
8005 193
8045 4413
8063 7926
8074 4078
8075 2689
8160 4694
8175 148
8212 4649
8229 4559
8267 4688
8308 1063
8318 5144
8397 7041
8407 4560
8446 7720
8450 528
8472 6014
8479 7221
4 2067
70 8101
299 561
305 2119
482 4405
524 7571
548 5151
797 3091
877 1055
906 8243
948 3819
983 3882
1087 5290
1198 1015
1416 3010
1435 7584
1569 80
1591 48
1620 4491
1629 3964
1697 8003
1905 3746
2046 4895
2231 5480
2251 2499
2313 7240
2391 2132
2624 3224
2629 4064
2651 3890
2746 7349
2800 7852
3008 6039
3035 5993
3077 7147
3160 788
3204 1679
3255 7602
3266 7748
3275 2789
3298 4814
3354 5768
3394 5292
3567 5566
3669 5952
3864 57
3922 4466
3937 2369
3986 2558
3990 5172
4020 4336
4072 3878
4140 7994
4181 4277
4195 1362
4243 5801
4286 7501
4360 4055
4416 2554
4517 994
4581 8436
4591 2240
4668 2329
4679 3361
4900 8173
4939 7585
4964 1926
5229 3905
5290 4442
5300 893
5364 356
5426 7086
5459 8215
5495 5731
5512 5588
5703 1892
5746 5056
5851 7762
5859 5177
5936 2368
5980 2680
5995 6639
6011 3174
6195 2481
6285 1065
6336 7499
6413 1002
6516 515
6553 3845
6568 294
6726 6022
6844 5713
7176 5834
7667 821
7674 4349
7994 1725
8259 3097
8317 6659
8349 3834
8515 1550
8524 2633
5 145
60 3229
69 3320
538 335
563 2436
841 5143
858 7599
1033 452
1348 7451
1433 105
1507 5018
1568 3843
1641 2845
1645 3395
1676 4929
1988 827
2001 5785
2065 6497
2115 2643
2348 4626
2467 288
2489 2969
2836 3263
2924 5357
3142 1716
3180 7026
3181 5194
3299 2757
3321 6164
3529 7822
3535 7418
3641 5596
3644 6159
3658 4862
3818 5903
3856 7500
3970 5024
3992 3591
4001 4620
4219 6059
4281 4924
4330 3272
4344 2014
4572 2196
4577 3887
4708 4884
4848 7676
5150 3799
5346 4518
5422 308
5428 5776
5646 2880
5651 2904
5787 7371
5805 6646
5923 4981
6091 138
6098 3538
6116 4539
6135 7134
6137 1991
6173 1655
6214 2436
6263 4218
6298 7964
6331 2446
6400 4605
6420 2969
6423 7275
6819 8506
6916 5105
7105 2354
7233 1939
7266 184
7568 6660
7684 2182
7789 455
7815 2802
8023 4205
8127 4537
8140 369
8185 6979
8278 262
8355 117
8415 7269
8470 5321
8491 7790
6 490
76 3054
425 7081
426 3694
545 707
590 4924
630 6596
873 4999
924 4421
929 3714
1003 6109
1099 360
1145 4815
1197 5979
1293 476
1318 3242
1480 6716
1535 1742
1588 6120
1712 7982
1784 2625
1837 4275
2128 6932
2238 3514
2257 5914
2393 2411
2509 5964
2548 4627
2626 5034
2688 8501
2730 1013
2794 1678
2978 1916
2988 1334
3163 1349
3308 974
3381 5338
3475 5880
3485 1138
3546 3048
3568 2398
3585 8273
3599 1782
3673 2717
3725 8163
3749 4311
3840 4722
3898 660
3906 903
3907 5143
3940 7886
3955 1142
4170 2307
4185 269
4356 698
4446 7348
4460 2815
4559 6517
4584 1445
5021 1977
5206 1934
5228 4541
5592 6032
5607 2419
5615 8313
5655 2051
5718 3993
5731 5819
5837 1975
5912 887
6016 513
6143 7599
6366 2814
6426 8352
6460 2452
6527 4771
6564 927
6598 8309
6670 2904
6675 2433
6682 7217
6784 7057
6904 532
6958 6966
7051 6928
7200 5930
7247 2988
7512 366
7569 3745
7691 6634
7734 6194
7869 3876
7921 1511
7953 3686
8107 8546
8135 4121
8166 2980
8210 449
8232 678
8275 5255
7 4290
92 1011
113 6015
378 3875
637 7375
699 4289
2666 6051
3918 5907
4300 279
5005 7233
5565 7888
5687 4994
6266 488
7311 6333
7771 3487
8138 534
8216 280
8 5975
42 6291
150 5094
210 3188
269 7312
487 1855
495 5202
498 6369
600 8557
634 8414
658 4832
932 6386
1017 7162
1280 3394
1316 4797
1514 2144
1550 7337
1662 7886
1740 810
1751 4084
1777 1300
1832 1002
2096 7687
2164 939
2245 2371
2470 5395
2505 2452
2632 5639
2706 5889
2771 6448
2883 2628
2898 2012
2909 131
2960 667
2995 6180
3091 1638
3128 4913
3131 3923
3140 3855
3148 7085
3215 2712
3408 3235
3418 2269
3550 7183
3551 6581
3583 5659
3623 3526
3660 6819
3701 7349
3860 1154
3901 6820
3962 7386
4082 7697
4186 3489
4190 919
4278 2297
4283 6935
4540 8127
4640 5677
4654 1580
4661 4024
4704 6505
4770 2537
4800 3255
4837 2843
4919 208
5064 5057
5110 6285
5220 230
5357 7436
5370 8148
5385 4192
5479 772
5546 8253
5629 2781
5672 5760
5698 6233
5774 2749
5836 5015
6077 659
6365 8175
6387 6472
6393 7185
6589 5887
6638 1165
6680 46
7227 4171
7268 6435
7291 8050
7446 7726
7469 6105
7492 780
7745 978
7804 446
7822 678
7849 2199
7904 3222
7990 3719
8038 1175
8071 5753
8186 1587
8199 8068
8302 4381
8309 8200
8334 7678
8384 7752
9 1891
11 3099
131 4691
221 8530
355 5422
369 1545
643 3499
650 7647
830 912
1109 7563
1123 8225
1177 5478
1223 7573
1259 7645
1360 3849
1402 6622
1437 6272
1438 7740
1479 6099
1533 3136
1539 3756
2116 6099
2310 6337
2418 7599
2460 81
2480 1242
2579 3662
2582 4927
2645 6418
2647 8552
2664 3790
2975 6386
3022 8413
3042 8017
3072 7429
3092 2553
3185 2802
3230 4029
3273 289
3612 760
3650 2307
3709 835
3791 6989
3830 971
3855 70
4115 6248
4122 8128
4171 2813
4246 7386
4351 194
4427 844
4464 5027
4509 6435
4515 2336
4539 2581
4756 8305
4769 370
4836 4134
5018 6924
5026 3012
5101 4283
5167 4564
5362 1008
5576 5481
5642 2222
5747 7201
5750 6659
5792 3811
5825 5162
6182 5392
6279 2663
6301 483
6580 584
6727 8198
6936 7016
6991 4469
7044 1828
7100 424
7213 7233
7292 816
7379 8105
7497 884
7599 1073
7696 3031
7733 1833
7838 6689
7871 1884
8104 4929
8314 8398
8496 7551
8531 6637
10 577
736 1687
1142 3480
1216 3972
1483 7416
2550 4646
2587 2936
2604 554
13 8554
117 2814
471 7134
512 8348
867 7345
896 3692
1148 1965
1274 8027
1351 1526
1423 6673
1708 5545
1760 7603
2027 1357
2145 5308
2349 8225
2432 2663
2592 4638
2684 6792
2705 3831
2747 135
2752 6817
2793 4210
3119 8555
3387 190
3468 678
3479 3116
3628 289
3717 464
3788 589
4127 6388
4357 2898
4406 158
4601 4176
4671 4740
4780 5829
4863 88
5105 6636
5135 4638
5478 1591
5761 4045
5938 5865
6158 4715
6194 81
6780 2832
6797 6176
6864 5502
6897 642
7180 5776
7214 992
7520 3287
7576 6454
7767 2308
7830 8428
7882 1686
8080 649
8330 730
12 660
342 4324
376 7705
582 7382
703 6509
774 3848
1104 7471
1377 4743
1572 4657
1675 7117
1943 1476
1948 8577
1986 3647
2711 238
3274 112
3473 7987
3694 4635
3859 6728
4199 7466
4376 1189
7021 2372
7063 2936
7252 3986
7642 3666
8546 5564
29 3904
59 8065
147 5681
149 5092
164 7777
166 6520
239 1363
262 8354
314 54
462 158
470 4165
491 5373
672 8172
899 4533
912 3344
923 3978
962 8441
974 1235
979 3589
1009 4792
1060 434
1088 4864
1122 1625
1282 7062
1294 5560
1385 7941
1431 6022
1521 3852
1710 1621
1787 2652
1792 6040
1938 2216
2034 5031
2052 1878
2153 2555
2219 8132
2224 6875
2282 3226
2337 2508
2338 5448
2484 5511
2490 3839
2621 6822
2798 2871
2873 8392
2887 7459
2920 3483
3090 4440
3156 1017
3190 222
3192 6428
3214 5657
3283 40
3288 4090
3373 6233
3426 3062
3472 5070
3491 6178
3618 187
3764 3176
3780 3061
3899 444
3958 8428
4119 6199
4209 7797
4240 4380
4348 1457
4385 919
4397 3989
4468 7720
4505 5968
4595 4045
4690 1784
4752 5871
4821 3694
4947 234
4960 6390
5041 2692
5051 6091
5074 6658
5085 84
5263 6819
5271 4982
5466 3891
5538 4560
5544 7135
5574 2053
5585 3381
5643 3789
5677 2520
5678 5054
5709 4336
5799 645
5902 2851
5945 6294
6010 797
6020 740
6025 7285
6124 5133
6203 2032
6345 1938
6348 6746
6364 217
6467 6497
6473 3488
6642 5822
6645 4517
6742 2445
6801 529
6804 1819
6880 6015
6892 8485
6915 3494
6929 4437
6943 1919
6981 1052
7064 4525
7092 6906
7143 5002
7160 4065
7190 116
7231 670
7249 8252
7289 3977
7295 6928
7352 4628
7433 7248
7503 6521
7588 198
7620 983
7740 4705
7746 6494
7749 3745
7766 3729
7777 3512
7806 5798
8120 3270
8122 6086
8266 3578
8281 1865
8376 350
8395 7485
8419 5645
8497 2285
8504 6720
8535 8123
14 1809
986 1532
1580 2695
2150 5772
2464 155
3013 1234
3267 5991
3566 7441
4651 4225
5728 1401
5939 1506
5971 3310
6082 6102
6315 5334
6329 5611
6490 5979
6502 2336
7112 668
7448 7576
7587 3081
7959 2688
8046 385
8079 1981
8159 1918
8454 158
15 761
258 5033
710 6987
769 2505
895 696
1275 5193
1457 6138
1722 624
1744 7996
1835 7637
2166 6702
2540 356
2643 2980
2690 6462
2885 7666
3220 8534
3700 4089
4078 2266
4208 8557
4236 7345
4700 2091
4994 8303
5396 527
5638 404
5808 3797
6728 2561
7842 2768
8191 5353
16 2624
50 624
72 8566
155 3546
180 422
251 7369
280 7131
445 6673
717 217
993 5633
1007 1584
1014 6209
1217 846
1305 7540
1330 1065
1362 2369
1462 8129
1561 7720
1638 3694
1681 3682
1690 7102
1743 5614
1954 5413
2241 2351
2346 6521
2354 4960
2370 5791
2374 2628
2409 6321
2448 6050
2521 6076
2865 6667
2946 990
3018 3639
3123 4036
3155 4336
3287 7644
3355 6500
3401 2072
3425 1279
3808 8295
4216 5731
4353 6552
4375 8008
4407 2768
4861 6938
4913 7184
5204 1646
5231 7211
5306 5899
5664 525
5798 8310
5810 3049
5910 982
5928 1238
5969 2518
6006 2052
6109 4646
6190 7767
6262 3503
6288 2886
6376 3194
6382 5571
6574 5739
6593 7346
6725 2763
6758 8508
6791 6783
6858 3732
6914 5022
6941 4641
6962 491
7183 2519
7647 6351
7668 6022
7710 6061
7758 265
7950 383
8084 3828
8095 3661
8110 6953
17 7823
83 3644
89 4506
103 7900
381 6869
406 4881
530 717
988 1330
1301 6839
1369 7275
1370 8348
1494 3632
1625 7679
1881 8288
2911 7308
3085 2092
3099 1238
3601 3147
3649 6667
3677 4347
3703 7358
3844 8510
4044 3117
4386 6461
4544 3333
4628 4307
5014 8363
5128 7531
5463 4665
5464 3934
5811 6924
6044 4159
6149 4562
6277 7698
6328 8295
6562 8035
6661 1415
6704 6828
6769 1333
6950 2132
6959 6342
6984 5279
7005 7186
7080 4293
7204 4752
7242 7138
7278 4382
7315 4584
7437 6925
7580 7975
8192 2937
8203 8572
8209 4586
8389 6116
8396 7483
8408 2017
18 4833
165 3396
302 6781
365 3990
499 656
550 6235
671 4024
1346 4255
1465 2012
1492 904
1626 7895
1682 4912
1769 191
2051 6262
2209 2729
2252 2239
2343 479
2446 4956
2472 3192
2709 4650
2831 1839
2842 1876
2941 4203
2962 3689
3007 3709
3149 3247
3300 1517
3349 3208
3383 7804
3501 716
3597 2847
3603 5743
3831 161
4006 466
4046 2386
4110 2603
4116 4501
4121 7469
4136 8479
4153 6625
4205 1586
4218 7799
4282 5930
4288 6800
4346 6046
4369 8401
4535 994
4656 86
4777 6556
4805 7483
4831 4794
4857 2354
4864 395
4898 5330
5254 6629
5413 5092
5732 5794
5895 3075
5904 2887
5975 1075
6034 4560
6068 2804
6125 6131
6178 7093
6184 4153
6273 1881
6724 1621
6832 6505
6969 5549
7072 3583
7078 8212
7218 1494
7328 4849
7403 6750
7679 3926
7682 3063
7764 6290
8170 4694
8326 2919
8423 6922
8427 332
8441 575
8564 4957
19 6560
101 8098
109 1074
536 7379
603 3372
878 5880
1420 7256
1545 2221
1552 4307
1912 7239
1925 1862
1974 6528
2104 5862
2111 3817
2447 7677
2449 2179
2598 3865
2757 7635
3683 6483
3845 1324
3851 3455
4048 1445
4073 176
4097 8322
4259 2533
4525 6194
4851 6522
5027 4640
5722 1153
5950 6178
5987 8297
6107 1794
6126 2427
6165 2377
6352 6538
6573 6548
6619 4670
6786 1070
6839 128
6983 237
7119 7242
7126 118
7319 3171
7342 1365
7646 5986
7665 6233
7802 1890
8065 1556
8067 5010
8136 1642
8243 4454
8268 7515
8290 7041
8426 2361
8536 838
20 1950
296 441
436 4716
606 7824
757 2933
1115 8229
1154 3985
1156 3458
1526 5690
1603 7457
1654 5912
2154 3260
2250 6787
2615 1096
3023 6093
3027 4277
3046 2919
3404 8089
3486 4089
3513 4451
3592 8134
3720 2410
3888 5621
4026 6764
4118 902
4647 4204
5035 5071
5301 8219
5333 8361
5444 4145
5699 4170
5700 6042
5760 4758
5841 7576
6504 4525
6921 6253
7454 5100
7473 1164
7493 6789
7623 3126
7996 6681
8235 3085
8377 5409
8394 3503
8552 7643
21 767
99 7880
163 3862
235 6983
391 7514
456 3836
484 3221
921 388
940 6064
1048 6619
1268 4280
1414 7544
1695 6734
1715 2580
1854 1348
2007 8247
2025 2867
2050 6716
2292 7762
2293 7184
2421 6748
2660 1355
2685 1661
2980 6730
3272 4728
3329 158
3362 4677
3538 1209
3666 5945
3783 8469
3865 4890
3878 6835
4002 1018
4112 3334
4138 5557
4173 3423
4207 5064
4230 7679
4332 2001
4412 6085
4442 2277
4506 2080
4527 8323
4612 6379
4646 5303
4715 1441
4798 7390
4829 4128
4927 1885
4937 1031
4946 5876
5113 17
5236 6618
5550 3410
5582 1048
5704 1032
5953 5143
6004 4877
6065 3309
6644 7949
6768 763
7135 6873
7150 7830
7351 2572
7355 4337
7844 3207
7989 5943
8157 4931
8174 7534
8222 1213
8388 8294
8510 6094
22 3464
37 1578
78 5835
80 2893
107 5909
112 6804
175 6504
228 2612
230 3253
282 6206
430 7679
459 1903
463 6321
492 5975
520 6206
546 5517
719 5703
775 1058
909 7633
946 928
955 8516
959 4007
1001 3885
1004 7098
1029 3386
1093 7769
1261 5912
1322 6261
1334 6942
1352 2845
1447 709
1632 2393
1677 6481
1688 1543
1868 2104
1907 4049
2008 2399
2068 6396
2072 2384
2074 5196
2094 419
2126 2784
2318 5358
2353 5029
2358 701
2407 5260
2427 4576
2450 578
2466 4463
2520 1905
2523 1521
2552 1685
2585 5159
2612 1515
2622 7129
2693 7711
2714 4910
2720 270
2758 471
2790 504
2871 1669
2877 5602
2944 4122
2958 2292
3021 2633
3239 165
3250 1007
3261 6364
3313 7994
3319 7009
3397 8461
3432 6919
3435 4909
3493 7463
3563 4583
3625 3128
3685 5310
3719 8350
3828 7250
3874 1132
3875 7529
3880 1694
3913 7864
3928 3177
3929 1907
3991 5683
4103 1229
4197 4508
4326 825
4394 5338
4421 7281
4431 6551
4435 96
4492 7246
4496 7069
4590 1882
4603 4281
4627 6
4663 876
4693 7322
4740 5375
4948 5104
4962 7724
4980 4640
4985 6757
5016 3583
5043 2406
5072 2184
5212 7280
5237 3055
5295 6405
5335 2035
5343 313
5349 64
5355 7515
5435 3353
5537 7312
5623 2129
5777 8467
5838 8346
5858 4352
5924 2717
5991 2469
6055 7188
6062 7924
6070 2173
6201 5275
6231 1890
6264 2937
6306 5761
6429 2867
6448 3491
6468 8509
6476 5582
6514 4636
6528 1733
6600 7354
6622 6226
6740 3833
6773 6854
6789 933
6935 7975
6939 7050
6942 3390
6996 2678
7043 8129
7053 6941
7057 3081
7094 2402
7121 7163
7257 5090
7282 2846
7301 5074
7304 5684
7374 9
7389 2617
7514 2695
7543 2699
7548 41
7590 5570
7629 5530
7670 8313
7753 3411
7808 7634
7939 7061
7951 4666
7987 2578
7993 5727
8044 297
8049 6308
8057 3455
8137 809
8155 1233
8247 1417
8304 6407
8310 6154
8342 6139
8458 3841
8518 38
8549 4560
23 7271
146 2681
242 3878
272 4614
398 1219
523 6201
768 8123
794 5194
888 4313
939 3992
997 5685
1039 196
1058 928
1120 37
1147 2149
1172 7720
1313 6591
1333 4846
1407 3629
1693 6467
1806 7694
1977 4841
2024 3517
2101 8427
2190 2703
2379 3177
2583 42
2673 1095
2954 472
3043 2364
3201 1654
3402 4631
3405 8349
3471 7399
3578 5555
3914 3223
4024 2710
4079 8401
4109 5342
4211 4862
4271 5296
4294 3414
4333 7385
4513 7330
4686 4153
4698 4506
4779 7481
4784 3692
4789 2485
4791 1908
4810 5091
4811 343
4951 3000
5000 7963
5125 954
5157 8319
5226 4097
5292 2432
5374 8069
5377 7638
5425 8489
5431 4191
5451 2329
5653 1908
5788 7661
5941 3005
6081 362
6160 3255
6234 3235
6363 6908
6486 4795
6556 6491
6557 4253
6586 5442
6814 4950
7149 386
7172 2875
7449 8235
7475 94
7534 8175
7600 5726
7729 6250
7866 6337
7958 3558
8060 3221
8068 4863
8152 4704
8172 6618
8261 3025
8320 2138
8341 3068
8452 6592
8545 1081
24 5000
49 1733
222 6072
675 3145
776 4075
866 1597
942 7717
1242 7506
1283 2930
1452 4496
1542 6588
1889 7964
2041 7397
2044 2892
2113 4986
2151 1676
2232 1507
2247 3278
2265 7135
2351 1135
2376 6599
2469 4559
2501 395
2533 4517
2564 2472
2639 4499
2763 3598
2984 6186
3031 4537
3054 29
3247 2910
3412 6363
3438 1273
3866 977
4013 7084
4162 920
4325 5439
4327 6536
4359 8487
4558 1463
4807 306
4981 7580
4997 5357
5091 2692
5143 7253
5175 8229
5511 4387
5569 5502
5630 5169
5713 7388
5749 4035
5863 2838
5972 8167
6099 8222
6108 7952
6148 8284
6635 5848
6662 4730
7114 1487
7347 7421
7589 3317
7618 3705
7704 2398
7724 5585
7817 2205
7972 7271
7979 1666
8030 2132
8052 2334
8270 8352
8322 5962
8378 7130
8393 1701
8572 5505
25 7885
104 4748
207 8465
601 567
886 5968
1065 7175
1678 6482
1876 5601
1900 6880
2054 7704
2130 1492
2156 5060
2309 4234
2357 6161
2394 7123
2404 2552
2433 7497
2704 6114
2736 6254
3516 6796
3617 5100
4247 6916
4317 337
4428 7869
4781 6705
4871 2078
5168 1091
5253 3262
5658 4016
5711 1165
6028 595
6395 7872
6454 6587
6603 2159
6782 6059
7017 6482
7141 3808
7162 551
7210 5387
7529 8189
7690 4206
7765 5874
7827 3410
7875 154
7889 7391
7902 7372
8421 8099
8561 2303
26 5566
219 6565
288 5643
408 7202
935 7993
1409 3743
2574 5964
2718 2642
4179 3712
4297 4195
5326 6482
5473 2891
6188 8130
7843 1315
8236 7099
8425 4375
27 2947
375 2220
720 908
1102 6461
1673 2817
2841 4573
2925 8546
3565 7474
4010 6920
4198 3073
4974 5721
6101 8479
6643 8157
6798 936
7498 5044
7851 2190
7934 3309
7974 2293
8460 8460
28 6463
825 1431
1968 7871
2086 3173
4424 7097
6918 4430
118 8100
358 5701
812 6722
919 6118
1138 580
1344 4115
2678 100
3569 1662
3765 8194
3945 3543
4102 3261
4850 147
5164 5579
7048 7015
8282 1977
8319 6659
30 1959
289 130
354 8151
457 967
680 2695
748 7001
918 81
1061 6702
1139 5183
1224 6525
1426 6776
1436 8514
1458 1916
1485 464
1537 111
1755 4622
1926 4134
1932 1559
2003 5071
2028 6984
2105 427
2174 3362
2191 4398
2497 7548
2697 4889
2789 997
2874 1420
3496 2854
3778 2903
3869 2682
3933 6161
4027 1583
4059 2517
4546 1178
4725 8019
4745 7058
4755 2191
4764 4327
4878 6761
5124 4290
5285 2600
5307 412
5369 8312
5379 5017
5455 4007
5527 6353
5683 777
5903 7904
6049 7858
6053 3255
6136 6993
6208 4446
6446 6754
6494 4987
6512 932
6521 1616
6558 7712
6583 4777
6664 4222
6688 3008
6757 3445
6761 4695
6771 2066
6946 6974
6949 18
7421 396
7707 5509
7840 3868
8064 7635
8100 7969
8296 1985
8400 5572
8505 5095
8553 8117
31 5050
3376 7412
32 8040
176 5594
505 7141
531 4306
618 399
620 5980
641 1710
801 2525
855 5774
1074 7492
1101 87
1169 3539
1194 4128
1213 3772
1247 5671
1258 4617
1271 3575
1559 6977
1776 7229
1909 3481
1965 8031
2064 3445
2141 1059
2184 6542
2186 4776
2198 7628
2262 5818
2304 6977
2618 6747
2653 4847
3037 5511
3045 8175
3221 6366
3296 8032
3450 4337
3509 8290
3532 926
3556 908
3595 6796
3822 2647
4055 7609
4203 475
4313 5244
4331 1484
4475 2914
4503 6031
4532 6083
4596 8382
4630 4382
4641 2400
4648 32
4683 446
4705 4752
4972 2838
5084 1170
5283 2972
5291 2311
5394 2889
5457 6831
5640 5465
5682 2507
5763 4215
5816 8321
5958 4825
5973 2185
6309 6605
6372 8213
6461 3270
6561 4200
6765 6086
6793 5830
6807 2400
6901 3708
7028 4453
7029 866
7034 8228
7036 4549
7211 6803
7441 5901
7575 109
7582 3440
7814 1312
7906 528
7940 3741
7981 893
8054 3086
8162 25
8184 1433
8331 1205
8336 4172
8362 7309
33 1236
126 1779
371 2302
386 6371
1219 1850
1248 7089
1443 3537
1459 3016
1637 1211
1780 5506
1796 3909
2047 6069
2073 7054
2100 1281
2171 7671
2280 7582
2744 4509
2764 965
2806 1106
3161 1610
3574 1612
3620 3033
3678 3424
3704 6794
4931 6099
5062 2234
6399 6583
6572 989
7070 1617
7123 8562
7209 4819
7579 4292
7873 5748
8361 804
34 2524
115 6483
188 2078
290 254
460 8348
556 3338
762 4178
1444 4794
1515 7023
1522 1748
1808 816
1891 2402
2380 4141
2619 4805
2796 1719
2901 7119
2918 311
3139 8457
3322 5999
3341 1846
3480 875
3718 486
4465 7021
4494 8171
4645 6976
4737 7437
4795 6543
5045 7224
5298 3966
5341 4796
5447 8505
5521 7454
5529 6061
5580 4640
5647 6205
5649 4439
5708 7831
6284 1150
6295 6933
6324 5701
6346 2072
6414 4426
6484 2587
6541 6505
6582 1694
6746 2445
6911 3947
6951 5236
7089 1800
7103 2429
7320 2952
7482 7697
7653 7848
7719 549
8188 7204
8271 7286
8373 7464
8422 2505
8511 5630
35 1820
356 2732
500 4053
712 1522
1170 3555
1376 6511
1541 2898
1594 1221
1597 7788
1993 8577
2019 4061
2170 3793
2867 5126
3269 950
3647 7941
3763 2736
4074 7779
4405 2423
5145 4551
5663 6301
5876 1719
6290 1698
6343 3124
6430 5802
6825 6546
7195 4236
7483 3140
7531 2243
7744 3367
7991 3126
8221 6207
36 2603
85 6776
172 485
261 3768
387 3626
576 3786
693 3521
758 5757
821 7891
897 7669
1168 6009
1176 6772
1307 985
1581 8472
2244 7550
2279 444
2738 5283
2750 5135
2804 6220
2991 2181
3065 6771
3260 2211
4075 2948
4106 3171
4161 4617
4432 3486
4760 2216
5048 6964
5238 2231
5791 4214
6282 8101
6640 6932
6732 8410
6774 2202
7020 3639
7251 2585
7343 6016
7382 1141
7438 7817
7656 3585
7862 8384
8405 5494
238 7205
599 7005
604 6792
670 722
889 5155
917 7911
947 4479
1055 5328
1103 1728
1209 6284
1281 5032
1354 928
1634 5380
1680 1597
1749 5586
1940 203
2206 2080
2435 1352
2492 1350
2808 4087
3064 1294
3113 1671
3352 7166
4168 1985
4298 8228
4437 4439
4523 3479
4526 6746
4587 215
4696 1556
4856 365
5063 8434
5163 4062
5445 1957
5471 2301
5652 8445
5848 8251
5853 5545
5871 5964
5920 5563
5929 2323
6001 2519
6146 8340
6501 4056
6511 5007
6547 3813
6671 7727
7308 4629
7380 2187
7725 6139
7908 4920
7957 2301
7998 5893
8539 1973
38 6710
734 5638
837 273
1915 7174
1997 7052
2213 3827
2668 2729
2932 6117
2979 7865
3075 3367
3314 1741
3477 8034
3809 1716
4164 2943
4382 1997
5148 2878
5170 7109
5180 5464
5314 2355
5493 6673
5541 4903
6139 1203
6606 2066
6878 7464
7093 2801
7905 2157
7962 3443
8294 5964
39 4093
75 4255
191 5885
1092 4560
1140 587
1288 5766
1365 5031
1397 7912
2011 2229
2216 2934
2300 5862
2503 2159
2609 2306
2689 853
2739 7258
3038 189
3100 702
3926 1137
4023 899
4152 6560
4377 315
4925 5679
5142 8360
5400 2332
5835 7240
6181 3559
6438 5775
6548 2239
7703 2498
7899 7631
8255 7702
8370 2878
40 6125
925 7264
2180 4676
3280 7109
3417 4229
4025 3608
4806 5898
5196 2127
5317 3839
5552 7487
6030 2722
6250 1611
7050 4320
7435 461
41 3964
610 761
766 2665
1063 4177
1298 4866
1398 1470
1489 5664
1920 4
2005 8235
2138 4664
2462 7517
2588 2889
2845 4999
3807 3112
4472 1628
4672 4149
4788 5232
4910 2919
5325 5029
5433 5213
5990 8381
6592 2690
7463 7231
8456 335
504 1018
543 7484
557 593
824 6620
860 3887
864 3435
880 2886
907 1564
1052 3843
1053 3844
1174 6297
1336 6161
1611 2903
1825 2924
1829 4245
1894 3666
2026 4123
2117 8226
2136 4163
2161 2081
2312 2847
2366 70
2417 4230
2500 6771
2803 5858
2826 2270
2950 2195
3097 6233
3311 948
3461 4428
3495 5659
3800 3467
4476 2003
4489 3880
4767 7188
4774 5786
5134 1892
5324 3489
5409 510
5414 2910
5567 7782
5578 4018
5875 483
5915 6805
6183 7213
6245 1035
6268 7581
6319 634
6356 6173
6368 907
6443 7996
6896 8332
7035 2189
7054 3720
7224 6865
7279 5634
7314 7948
7345 7120
7931 7148
7946 7214
8073 1362
8171 4559
8204 718
8224 8067
8508 5910
8541 8556
43 7448
167 6097
255 903
277 612
427 6203
587 4391
778 6188
793 407
829 4225
882 3070
1018 7380
1032 4360
1243 7543
1295 3970
1595 4994
1601 1295
1605 4084
1618 4094
1843 7421
1908 2927
2033 1813
2035 4966
2078 3613
2207 2063
2659 633
2797 883
2965 4833
2967 830
2970 1046
3033 8243
3104 6736
3115 290
3122 253
3141 5756
3325 1760
3337 1082
3470 4361
3489 5200
3696 6282
3698 2626
3721 6066
3949 3800
3957 3414
4177 4313
4250 8146
4312 522
4420 7654
4483 191
4486 7714
4605 1304
4771 838
4892 3001
5276 6723
5281 3377
5536 3858
5740 6285
5764 2657
5794 7400
5800 8489
5804 6962
5826 2860
5850 5057
5901 2036
6041 5331
6171 7510
6235 747
6415 4081
6752 7942
6803 8226
6881 4328
6903 928
6909 4599
7272 2590
7348 108
7416 3586
7430 5074
7508 208
7525 7767
7755 4577
7926 1719
8025 6181
8101 2602
8242 3679
8390 2022
8401 8319
8435 3839
8492 4928
44 3625
114 7620
135 5725
190 3463
295 7904
591 7015
594 3323
729 620
770 2412
920 7769
933 2375
998 6134
1041 3351
1047 2092
1131 3266
1179 6926
1250 5940
1379 5244
1456 2834
1567 7385
1655 2943
1794 5286
1803 2987
1971 1424
2060 7033
2099 7579
2234 4381
2494 8278
2507 6897
2638 3453
2715 8204
2844 1014
3049 4289
3052 5281
3070 2802
3200 1331
3236 5078
3270 6295
3309 7323
3326 8205
3465 6011
3466 5537
3500 1116
3515 840
3523 8178
3527 1616
3651 449
3897 7374
3912 3145
3939 6381
3965 8347
3977 5603
4080 8383
4085 5097
4239 893
4347 7577
4387 1697
4461 5412
4621 6607
4849 4387
4854 570
4885 614
4914 8470
5010 5221
5106 5155
5117 7740
5185 3878
5213 6498
5282 588
5391 6984
5477 1308
5481 2029
5587 7594
5665 5929
5706 7178
5717 2000
5779 3217
5843 2935
5852 649
5874 5917
5948 177
6002 2164
6026 5734
6040 6383
6088 7734
6197 4536
6221 1037
6270 7461
6351 1010
6367 5028
6464 5139
6509 3969
6677 4555
6718 6560
6748 1203
7046 928
7101 221
7161 5123
7203 4343
7234 6663
7330 1916
7346 1579
7387 1900
7467 8158
7541 8225
7584 5328
7597 5946
7717 1391
7761 1546
7774 5666
8088 6378
8119 7540
8130 4076
8193 555
8214 425
8279 3881
8300 1110
8413 5667
8563 6772
45 1084
1788 6880
1951 8152
3084 1040
5951 7835
7414 2235
46 3989
2661 2495
47 5011
193 4872
635 2714
688 3638
713 1868
749 7343
765 8025
884 6479
973 4914
1073 4569
1454 2197
1455 1
1630 6313
1834 6599
2119 393
2291 1045
2298 4434
2322 5758
2336 1458
2496 5447
2527 4756
2682 2856
2818 270
2974 12
3073 2780
3403 1059
3626 6256
3631 7499
3726 1014
4038 3357
4071 2012
4094 7987
4273 4301
4299 8294
4320 4329
4349 2239
4453 7715
4695 1835
4794 918
4953 7050
4984 8292
5002 52
5015 7229
5036 241
5066 1530
5129 3424
5257 6727
5611 4508
5842 3882
5860 8487
5889 3016
5976 7949
6174 1331
6439 3738
6463 4285
6477 1103
6479 446
6700 5669
6712 3211
6998 4849
7287 5656
7303 986
7334 7070
7341 8328
7727 8106
8055 7913
8094 2567
8404 1280
48 1342
360 2509
374 3347
516 4977
848 6572
1012 7248
1339 1422
2810 8266
2914 8166
3029 8294
3560 8056
5334 5657
5432 2060
5612 2436
7129 5844
8332 1121
309 7466
802 5171
1149 4077
1244 6487
1529 5609
1980 341
2076 4612
2182 7995
2403 8058
2769 4466
2783 4698
3154 5484
3165 575
3212 1899
3353 6057
3359 526
3374 4429
3490 725
3510 1650
3630 1065
3826 495
3852 6394
3857 3483
4037 8214
4062 3503
4178 7576
4200 5467
4245 5601
4373 3009
5040 7823
5453 8265
5734 760
5890 5188
5934 2017
6217 7105
6318 6833
6359 8240
6613 1212
6699 2216
6764 5176
6788 705
6928 4497
7077 6727
7081 6963
7206 6323
7444 3733
7501 8172
7607 6383
7661 5864
7673 5209
7928 8132
8019 5195
8211 7316
8351 8314
8371 1328
61 2050
86 7101
253 25
957 7548
1196 3850
1263 482
1502 4381
1549 694
1738 4740
1756 2345
2267 5781
2538 4763
2893 5549
3169 3366
3415 1844
3482 4813
3580 321
3653 4378
4324 1811
4901 4123
4907 1093
5053 6239
5195 5147
5211 546
5288 3155
5410 4928
5688 8365
5813 3620
5906 7069
6093 2454
6131 6167
6390 7141
6427 1956
6442 3789
6497 3696
6690 7110
7484 6254
7513 6248
7540 4341
7622 2548
7834 389
7920 905
8037 3596
8254 7704
8514 4401
51 3157
88 8011
225 8420
264 3226
292 3663
547 916
639 8285
764 721
1077 6674
1114 6140
1124 6099
1162 4638
1251 2860
1686 4272
1714 172
1724 8452
1733 8257
1956 7941
2075 319
2107 1000
2285 3655
2289 7175
2568 3022
2671 6839
2735 2018
2908 1406
3245 7181
3262 3542
3629 2334
3879 4852
3971 2940
4114 1753
4220 6638
4264 2738
4267 3925
4426 1607
4562 5483
4588 6230
4730 1114
4735 2734
5006 4709
5039 1190
5087 7253
5515 4803
5545 4535
5689 3269
5694 6375
5738 1382
5784 5702
5797 4787
5802 8010
5925 1257
5949 8447
6094 4896
6275 5484
6529 7890
6672 3834
6745 2362
6905 6407
6999 3238
7113 4709
7523 3263
7641 7148
7649 4669
7826 4557
7880 4273
7938 2283
8154 8570
8272 2415
52 5220
686 6833
714 6093
1342 7352
1531 7016
1873 8274
2268 4372
2365 3338
2655 8287
2861 5108
3324 6495
3434 5523
3537 8267
3662 3877
4111 6371
4260 7576
4339 1640
4563 5247
4713 5797
4956 2056
5009 5171
5098 8313
5107 7350
5136 5603
6095 490
6919 171
6926 3603
6954 896
6988 1798
8022 7357
8066 6725
8141 1967
8227 1940
8345 193
8520 7953
53 2320
181 7996
385 2542
584 2818
690 7867
1183 4734
1277 2351
1857 4278
1967 5757
2188 968
2296 2994
2412 8249
2468 496
2486 4221
2569 2174
2613 5745
2859 8008
2923 11
2951 2459
2989 8160
3060 6173
3276 6959
3834 8297
4224 2550
4235 77
4480 3266
4510 682
4536 5029
4669 8461
5055 1501
5382 496
5461 6687
5486 8491
5573 231
5606 3010
5930 3237
6485 367
6714 604
7207 7757
7365 7326
7602 2791
7608 6855
7609 4238
7772 5430
7811 835
7891 4629
7895 4172
8273 6701
8333 6150
8410 7285
8507 3227
54 4893
389 2417
465 1117
489 2844
976 2424
2708 3068
3972 8007
4227 1203
5297 3308
6979 3279
7122 8558
7536 1295
8533 7335
55 920
73 4257
77 102
256 6415
340 8337
347 2714
361 7568
478 285
626 899
961 1535
1158 6925
1742 5452
2235 1377
2355 5180
2362 1256
2670 4779
2782 7576
2919 7549
3109 196
3174 3052
3389 8487
3514 6160
3723 3835
3740 6561
4410 577
4742 6962
4830 2765
4896 7599
5017 5873
5104 963
6305 4862
6472 3774
6517 839
6597 5392
6866 7527
6978 2818
7274 285
7400 1105
7792 4130
7868 7233
8032 4532
8327 546
56 2560
2098 7461
2840 7324
3559 5787
4329 7440
6628 5146
57 2586
66 3378
244 5503
448 3962
506 4544
608 2889
1084 5826
1241 6284
1323 3629
1503 8446
1530 4197
1656 3793
1734 5147
1842 151
1860 1037
2080 1241
2319 5970
2410 6043
2426 1279
2799 6023
2837 6725
3304 3524
3587 7550
3588 7910
3616 4923
3743 2116
3842 7573
3893 747
3925 1365
4051 301
4182 7812
4368 7838
4485 7576
4728 7769
4814 7284
4958 8259
5079 1159
5140 7367
5210 8401
5305 372
5468 8163
5509 1784
5539 3744
5656 757
5751 5361
6092 136
6185 2287
6575 316
6626 2742
6701 2529
7061 3063
7137 6951
7159 1898
7223 7084
7281 2390
7401 1457
7635 7706
7898 2879
7900 5773
7935 2977
7976 1294
8003 1515
8194 298
58 1915
125 2909
790 3272
1929 8016
4680 5787
4883 7344
5153 5403
6075 6450
6086 4076
6591 2700
7248 5649
7803 5541
7892 7343
7918 1636
8321 1219
8440 3434
173 8529
202 2680
455 2411
629 2137
632 8288
980 6486
1337 6486
1765 4319
1904 2549
2402 1668
2894 1449
3066 5996
3135 181
3217 644
3543 798
3634 3386
3636 3097
3775 3061
4028 7976
4929 1655
4943 6331
5469 7236
5821 6237
6145 6972
6633 7796
6654 7636
6760 1328
7012 2082
7361 4051
7367 7
7450 368
7652 5826
7779 3837
7795 2438
7855 5708
8026 8194
8218 350
8374 5504
8526 5522
129 8469
321 7716
392 1863
409 7435
753 4539
814 6982
819 3935
828 1884
930 304
969 8544
1005 5637
1015 8416
1062 2219
1207 447
1394 975
1403 5461
1487 5817
1719 1023
1801 6316
2004 7396
2071 3863
2169 6586
2220 2294
2254 5712
2866 7228
2921 2478
3034 6021
3183 6558
3231 3645
3305 3186
3348 439
3386 3891
3422 4116
3448 3188
3464 6466
3748 3020
3796 6037
3915 1519
4032 3266
4462 4824
4518 8422
4560 3610
4677 3
4890 4982
4990 7155
5033 7590
5450 6897
5684 2293
5693 7791
5839 4117
5867 6647
5965 7954
6121 688
6357 4685
6533 6794
6698 6027
6961 5833
6974 6972
6993 1888
7033 8050
7344 2701
7405 3717
7451 5779
7456 5284
7490 234
7528 8436
7567 7060
7591 5414
7743 2949
7888 6924
7917 635
7988 492
8035 1176
8056 6135
8168 6826
8187 5360
8380 1035
8403 501
8487 7331
8489 3306
205 4983
349 1305
628 8446
1167 921
1185 3592
1587 2609
1969 3972
2067 2499
2173 3617
2269 1151
2567 5188
2864 8166
3440 2647
3920 3350
4616 1503
4670 7041
4748 3056
4875 8271
4886 1867
4924 4526
5294 1282
5500 5957
5844 953
6069 7772
6242 2682
6374 5899
6596 7140
6853 7711
6863 6014
6931 3379
6970 7064
7052 3228
7066 7350
7186 5252
7205 7138
7476 200
7788 4462
7818 7491
8017 158
8477 269
62 3027
1002 3167
1042 1119
1300 6230
2672 1076
4474 4101
5339 3344
5657 464
5905 167
6018 280
6683 1180
7561 1525
7598 7227
7760 6656
7823 3933
8087 7161
8147 3898
8498 3714
63 4326
737 5370
1922 4496
2331 5018
2333 6319
2532 4846
3048 6094
3126 2816
4358 6032
4876 2417
5812 6111
6666 7898
7116 245
8134 1400
8324 6887
64 6378
893 1743
967 2234
2777 3394
3277 6080
6096 6617
6689 4035
7003 2648
7472 6797
8445 2314
394 5210
435 58
751 8275
826 1299
1500 2084
1608 3968
1774 6306
1823 7233
2121 3631
3127 233
3657 5589
3998 337
4429 6209
4473 1230
4820 7089
4982 2242
5097 7610
5243 3020
5762 618
5968 1841
6046 3790
6051 4944
6457 111
6681 5782
6738 1365
6822 4695
7246 205
7325 5380
7555 2546
7573 7984
7721 5786
7894 5888
7941 4229
8364 8016
8383 8571
8457 4294
348 8378
431 4744
744 4082
944 8520
1066 1495
1439 7353
1516 6792
1748 950
1858 6013
2271 6790
2519 5785
2879 8085
3005 332
3061 606
3083 1117
3460 4550
3600 6551
4016 2999
4276 6405
4287 1100
4599 5448
4732 2093
5020 1689
5028 8527
5133 3564
5224 4129
5338 3357
5590 5200
5887 6232
6024 7617
6175 6389
6278 8203
6741 1537
7027 1540
8144 3442
8459 6390
67 465
127 4255
169 7983
171 463
212 2611
241 4290
379 6455
417 1542
420 7615
539 102
583 2926
662 2183
787 3935
810 6499
842 5793
844 1916
892 2050
937 665
1262 7957
1326 4184
1499 1987
1701 1082
1764 3997
2030 5548
2158 148
2181 557
2628 4609
2719 4761
2917 1533
2961 7032
3246 7434
3553 967
4314 4887
4790 5702
4873 640
4965 2508
4992 1233
5131 2202
5216 2436
5489 1755
5547 6825
5561 3305
5753 7182
5922 5492
6015 6611
6089 5365
6166 4667
6384 8551
6927 2737
6952 7141
7047 6651
7154 4267
7198 635
7285 823
7506 7737
7551 1746
7604 709
7969 4075
8058 8448
8125 5758
8142 7077
8303 7912
8512 1770
68 1975
133 2525
215 7677
631 1137
702 2996
788 5580
845 3583
1067 2685
1312 4343
1400 7509
1547 5018
1615 924
1886 965
2230 8139
2371 5068
2779 1730
2848 1305
3356 6318
3686 7725
4172 3839
4279 6017
4570 8232
5284 4270
5430 5371
5600 7851
5626 4475
5790 3152
5888 146
6327 5690
6373 2819
7212 4449
7700 5811
8502 5082
8548 3156
273 6107
395 6710
745 5048
811 899
881 6401
960 4717
982 6354
1016 6265
1046 2665
1091 7599
1256 1172
1851 7315
2274 6839
2373 6643
2493 5393
2820 3678
2854 7911
2982 4406
3004 8223
3194 1032
3334 938
3400 4038
3467 4627
3693 7436
3889 3915
4257 2797
4263 265
4292 2060
4345 2873
4383 3933
4682 2475
4721 6176
4786 1572
4859 1100
5256 5024
5568 4208
5666 5835
5883 5012
5927 1252
6008 428
6142 757
6196 7897
6310 4065
6386 1609
6480 3970
6599 7253
6723 321
6940 656
7014 5581
7151 1382
7197 7804
7412 1276
7532 7744
7553 6935
7581 5962
7794 7136
8011 307
8031 5343
8039 4191
8315 503
105 2527
329 4766
1187 7324
1222 3394
1558 1016
1964 472
2457 4994
2531 4594
2740 7057
3424 2108
3544 5438
3576 2686
4003 2321
4029 1714
4444 7737
4765 5652
5483 2156
7178 8470
7465 5269
7927 3629
8072 341
8078 4442
8478 7246
8551 5043
71 4168
95 1589
419 924
458 2130
1137 5315
1363 1974
1404 2150
1661 6399
2123 7390
2551 5923
2571 4905
2830 7900
3241 7105
3307 2992
3908 3436
3917 4204
4092 4233
4225 3934
5916 1818
5978 8259
6180 3935
6404 4124
6624 1876
6659 203
6755 1186
6781 238
6953 7221
7022 8545
7067 6967
7310 1350
7471 6481
274 7253
331 5275
449 431
609 6216
708 8507
789 8562
805 8053
1453 894
2137 7325
2157 5657
2281 1313
2323 4794
2559 8090
2572 3780
3001 2301
3205 707
4146 8441
4233 8114
4234 6102
5152 2393
5189 6607
5258 7838
5613 4432
5977 1116
6210 5684
6709 4707
6783 7089
7060 5174
7326 6047
7643 4398
7790 5475
7825 2489
7914 7952
7978 4307
8328 7888
8486 8358
715 3521
852 6849
1040 4968
2155 3341
2302 1601
4524 7757
5069 5219
5268 4027
5619 6113
6358 7574
6577 6753
6630 8248
6743 6202
7930 3612
8476 4667
74 5018
1193 6769
1239 4319
1782 7877
1864 6102
2147 7236
3452 8
3548 7103
3742 5062
3916 7594
4868 7290
5218 3870
5720 6136
5921 7954
5942 4143
6085 618
6932 8173
7302 831
8156 5760
8285 7437
3789 3003
4123 409
5514 6112
5739 6875
5807 5671
5962 1776
6604 7439
6713 4406
332 4018
514 3648
561 8398
697 7641
773 5033
945 2913
1291 1962
1890 1420
1955 862
2163 4088
2495 5924
2765 5072
2856 2990
3237 6445
3823 1332
3877 7270
4183 2534
4252 1021
4372 6474
4775 4117
4952 2459
5138 3725
5250 1658
5318 6040
5407 1056
5491 5776
5742 8111
5955 8302
5967 4288
6226 48
6391 8122
6685 6096
6925 790
7098 6879
7138 7403
7397 5353
7464 1949
7612 193
8131 4727
8260 6046
526 4735
869 408
908 5298
1028 3419
1793 5908
3661 5265
3923 515
3948 1610
4237 3486
4255 2117
4576 2205
5330 5409
5496 8100
5758 1547
6017 621
6132 4667
6205 7998
6452 1244
6636 7226
6719 2147
6977 3801
7524 5466
7732 5501
494 4301
528 7833
588 5482
1151 8062
1745 161
1830 6445
2676 8174
3364 1327
3449 5148
3715 6088
3755 4603
4169 8160
4758 3523
4785 2705
4818 1602
5234 7700
5380 1997
5399 2377
5423 3558
5662 2551
5832 7608
6308 8381
6322 4825
6462 5939
6519 1205
6542 4445
6579 1567
6649 6986
6667 4372
6960 5291
7188 3362
7477 1755
7861 6670
8225 6988
8412 93
8447 1502
116 6942
122 709
194 8007
978 7361
1022 4369
1505 6712
1721 3387
2307 6745
2881 6920
2990 8455
3040 5151
3547 7066
3642 1603
4133 4036
4370 4437
4904 2319
5080 3503
5090 6072
5159 1339
5242 3968
5402 4924
5696 3707
5960 1439
6153 1744
7470 7701
7538 8393
7557 8051
7578 3936
7878 2694
7897 2558
8200 4227
81 6222
100 4034
418 1506
476 5024
513 3284
518 6224
551 8073
564 4305
667 5074
813 4756
1186 50
1428 8234
1781 542
1826 7194
1928 6295
1972 6789
2566 5259
2591 5839
2616 1206
2617 5191
3203 6789
3342 6943
3419 7776
3488 1467
3533 5788
3697 5277
3849 2404
4266 7238
4388 6449
4458 2743
4463 2484
4514 7766
4987 5718
5019 4741
5068 2525
5866 4240
6545 1138
6612 3996
6924 2196
7796 2955
7836 4215
7887 4702
8568 455
82 3523
97 5581
98 1765
158 393
189 1916
196 3291
353 6142
558 7221
613 5783
642 6486
823 5796
827 1070
840 6915
890 991
936 4951
1157 5701
1343 8375
1378 7780
1389 5733
1508 6147
1600 7422
1665 6542
1758 3675
1902 2244
1975 2410
1985 1943
1987 4029
2016 3105
2043 1043
2118 3678
2259 5969
2311 3130
2317 3496
2377 1208
2439 5874
2441 8
2737 4324
2745 2639
2849 6685
2986 4063
3011 5712
3184 5127
3196 6557
3207 684
3258 7563
3346 928
3399 7271
3522 5941
3668 3611
3814 2597
4147 1321
4232 4701
4269 3640
4366 4463
4451 7982
4522 8205
4636 2397
4688 1480
4902 4918
4999 3826
5025 428
5094 662
5411 7243
5420 1721
5448 4415
5548 430
5650 1939
5770 1797
5809 4565
6129 3501
6169 1096
6251 173
6338 2403
6450 2009
6608 2573
6658 6878
7406 4190
7533 3411
7720 2275
7735 595
7756 4490
7776 8107
7854 3336
7909 7341
7915 2193
8108 7456
8183 4730
8215 575
8420 835
8453 7807
8525 1600
130 2452
153 2568
157 6116
246 5903
451 3182
497 8489
515 4941
519 8546
783 3160
1049 1147
1083 7000
1089 7934
1110 8210
1118 3843
1192 6660
1284 2539
1310 4826
1340 6026
1347 2367
1463 7702
1643 301
1810 6420
1848 7276
1952 8498
1966 6461
2088 6414
2199 3351
2332 7108
2345 1961
2386 2449
2443 5728
2459 3051
2547 6427
2596 7692
2610 2113
2734 7056
2824 8225
2829 4488
2935 4772
3063 6341
3098 7359
3144 7108
3499 6933
3521 4450
3549 8453
3557 4824
3581 4601
3692 2019
3736 797
3793 240
3882 4159
3976 337
3999 5932
4095 1781
4165 2711
4305 5900
4319 545
4573 2805
4665 5550
5156 4568
5166 3513
5247 7265
5488 2127
5660 7812
5670 7961
5695 3618
5701 3373
6037 4951
6087 4293
6447 6812
6536 6645
6652 7281
6826 6435
6947 1343
7025 3395
7087 3230
7228 5616
7239 4175
7309 6229
7390 7180
7396 2684
7428 4699
7474 5533
7478 7555
7485 927
7496 207
7537 347
7550 7241
7564 8051
7593 7373
7631 2759
7632 6393
7883 2783
8077 3327
8099 7595
8139 4378
8202 5868
8557 4330
84 3009
3050 1977
6341 336
7013 2037
138 8465
184 2213
186 908
224 607
333 369
477 5756
535 6053
648 6656
663 4807
673 5753
792 3906
796 1560
834 666
958 5324
1237 4109
1299 5796
1373 174
1384 2335
1396 2197
1415 8110
1619 2507
1652 1816
1763 555
1878 5964
1892 7275
2112 5302
2176 3624
2178 8574
2215 7652
2325 3033
2388 6276
2428 80
2475 7209
2477 8133
2601 2331
2614 7712
2707 1348
2899 4469
2929 6721
2981 6321
3179 5846
3206 2489
3340 1860
3380 594
3594 1054
3659 6061
3684 4033
3973 1105
4018 3479
4034 2687
4068 1636
4602 5623
4622 2577
4724 7296
5077 7295
5419 4419
5644 8427
5673 7507
5933 6432
5947 3992
6113 353
6212 2561
6233 5330
6271 5300
6296 1940
6313 808
6335 8401
6887 601
6955 7638
6986 2218
7049 1393
7133 3545
7230 25
7270 1699
7323 7380
7413 2763
7783 7366
7963 3764
8047 1354
8118 5312
8129 6664
8145 5413
8306 4438
8468 7934
397 906
781 3064
839 5104
1229 7204
1790 523
1815 6382
3024 2523
3166 4920
3191 4738
3446 1023
3635 6313
3695 1234
3894 4336
5639 6009
5759 3212
6520 8264
7570 3016
8392 1775
87 1999
3935 1600
752 2104
1181 148
1671 7978
3443 4586
3805 6789
4414 4848
6106 2053
6287 8265
6684 2006
6910 4894
7948 3900
8190 6262
8428 1531
90 6814
1953 4158
91 7884
266 4381
607 3887
1286 474
1639 3311
2361 8137
2593 384
2648 604
2717 6327
2722 3876
3003 6216
3790 8237
4000 8261
4105 4954
4823 4788
4955 1028
4991 6412
5265 7250
5748 3398
5775 3490
5983 1558
6678 2067
6750 1702
7156 6059
7318 3400
7530 1675
7698 7007
7708 2620
7759 8303
7929 4985
8189 2568
1484 8339
1566 5226
1998 1078
2223 1997
2642 3532
3441 186
3590 3909
3672 8334
3707 330
4707 4557
4882 5074
4973 3136
5190 3686
5227 3159
5986 8485
6550 8353
7171 6701
7225 630
7479 4126
7634 6854
7715 2353
8153 7509
93 3355
227 4600
393 5675
443 4572
689 6702
731 880
763 7983
799 2383
975 4975
1020 3661
1182 3490
1238 1842
1664 32
1798 8557
2212 3340
2246 7113
2356 6953
2640 380
2741 1170
2760 7035
2922 584
3133 3479
3167 4376
3232 1244
3358 7863
3413 2960
3512 6781
3558 3345
3632 557
3633 7915
3676 4483
3769 7447
3956 6147
4061 5688
4130 2768
4533 2628
4585 5302
4633 578
4662 4782
4729 6864
4776 5767
4827 8157
4858 1796
5092 2131
5116 3961
5208 7065
5416 1552
5572 4596
5584 3945
5605 7307
5719 1597
5733 539
5757 7085
5872 31
5885 4530
5918 3503
6009 1747
6141 59
6179 3513
6224 1890
6230 8377
6294 4151
6299 4901
6406 4889
6522 180
6696 1683
6766 6615
6808 2783
6856 6759
7254 617
7300 6953
7324 1637
7432 1327
7586 555
7677 851
7784 4833
7799 3048
7824 737
7982 3333
7995 3944
8007 2696
8105 779
8230 7694
8256 986
8501 3022
94 7590
1981 2603
5893 4625
7008 2305
413 5815
1700 7648
2375 6499
2987 5599
5608 6386
6544 4216
6753 1310
96 7708
437 175
1019 7728
1128 6116
1246 1768
1702 6225
1880 3487
1927 4323
1939 5361
2183 4106
2602 2424
2775 444
2857 2860
3766 4358
3772 2955
5081 1149
5579 5985
5752 5352
6850 2058
7084 4796
1160 2336
2852 282
2882 2549
3069 8151
3121 6321
3187 3216
3611 5170
4379 4827
4844 8464
5093 6192
5771 8291
5954 2488
6276 8252
6381 3013
7110 3016
7983 5280
8050 2004
1778 7417
3615 8090
4716 437
6641 499
8434 2393
247 6040
377 2013
412 8145
472 8422
573 8487
682 1100
760 7226
849 7709
1211 4413
1290 6278
1445 6472
1476 2000
1563 4560
1576 2031
1705 3273
2233 8277
2264 4898
2385 170
2408 6665
2411 4147
2429 8410
2502 5808
2518 2316
2558 4423
2608 6681
2985 1884
3068 2317
3223 7490
3291 2494
3431 2857
3767 6919
4322 7504
4801 7491
5012 7236
5031 4153
5108 8083
5162 5060
5417 3151
5675 3330
6156 371
6219 6020
6257 8195
6379 2422
6507 3158
6543 1807
6588 1435
6917 4509
7068 406
7130 3735
7271 7019
7322 7888
7362 4257
7422 8058
7494 1820
7739 5039
8195 2736
8463 3074
1694 7407
3102 6516
5050 479
414 6166
624 1042
655 3562
705 6756
1113 151
1331 2505
2359 5447
2817 8366
3411 7247
3664 5878
3872 7968
4415 2267
4582 2800
4793 7344
5354 7674
5375 1046
5533 3105
5625 3936
5671 7828
7038 3202
7175 5149
7364 6352
7945 2501
8265 5188
313 7688
915 4704
1135 6734
2211 2571
2334 7983
2997 3926
3301 6971
3827 6202
3861 7025
4365 5873
4553 2200
6243 4495
6370 4434
6623 6294
549 7537
953 7488
1509 2097
1717 4712
1945 7499
2994 3398
5059 6060
5386 7515
5632 6859
5637 973
5935 6324
6655 5244
7443 449
7722 2643
7797 8502
8339 7097
8559 5310
276 1900
278 1917
308 3886
575 2886
1386 6882
1406 7717
1869 8472
1882 8124
1937 5140
2092 1083
2549 5575
2631 282
2726 684
2912 5921
3020 4667
3614 298
4159 6074
4782 5019
4967 2004
5219 3846
5313 1686
5316 2900
5348 1448
5702 2397
5712 173
6204 7170
6249 5006
6451 2910
6805 5786
6876 8004
7194 1249
7236 1599
7663 6126
7683 2383
8009 7011
8182 2274
8529 4019
183 5791
870 7382
1520 4592
1913 2532
2258 5822
2363 5382
3157 40
3224 8312
3377 5810
3504 7881
3982 644
5147 1614
5160 1272
5217 779
5222 4167
6419 5125
6676 7233
7350 4594
7487 3351
7831 3164
170 4225
446 1457
743 3331
934 7540
1025 90
1090 5960
1472 5329
1518 5805
1579 8100
2009 8259
2667 7837
2770 3784
2851 4382
3078 6581
3132 5071
3240 4716
3502 8444
3887 6202
3943 7435
4021 6210
4099 6891
4610 8200
4741 4662
4766 4023
4930 5312
6054 6804
6380 1743
7006 3969
7153 4084
7167 5216
7415 5526
7910 6277
8196 3222
8269 2498
8537 6822
8543 2253
281 3351
432 5777
1027 2489
1134 3083
1757 5991
2713 2710
3428 1295
3444 2986
3476 5627
3770 1546
5137 724
5366 8465
5674 2367
5831 4274
6759 1708
6891 1233
7276 6306
7986 5237
8354 1506
8417 8555
108 7967
162 7296
4565 6738
5239 7377
5286 4489
5931 6712
6035 2642
6694 4854
7964 8554
310 8168
644 7584
1119 5480
1481 852
1593 2879
1684 5199
2196 693
2913 484
3388 2269
3511 4991
4511 3360
4822 5145
5144 6202
6150 1112
6396 4837
6646 3758
6731 1235
7306 8420
8295 7799
8369 5209
110 4729
270 6917
453 1753
1321 6729
2364 801
2754 7754
3531 7389
3754 4372
3863 1985
4221 5201
4456 5251
5599 1530
6340 3447
6813 4951
820 7429
1947 639
2120 7520
4548 896
7693 1570
503 276
572 3797
914 2615
1233 5395
1767 3435
1903 3636
2328 6987
2869 3845
4659 8281
5011 2339
5225 2205
5588 2192
6565 5935
7192 8063
7517 5970
7901 2409
8082 26
8277 174
8358 1325
483 6968
565 6330
4802 178
5280 729
5818 4889
5900 4098
6047 5947
6508 561
7286 32
8020 193
293 1378
2061 3454
3966 5790
4015 3846
5559 1168
879 1041
1000 3978
1252 716
1747 6384
2037 1894
2189 4022
2669 7304
2792 2507
3244 6998
4996 3122
5130 3680
5756 3730
6877 1137
6985 3595
6994 6436
7144 4883
7165 2885
7312 7181
7386 4137
7577 6520
7694 8151
8288 141
856 2410
1081 4246
1963 5556
2398 575
3681 5717
3782 8302
4009 6530
4241 6345
4578 3948
4809 1032
5088 5000
5141 5404
5398 6639
5908 5570
6424 2022
6922 4722
7024 1835
7042 3482
8340 2434
510 6515
950 5779
2843 5350
3688 4259
3752 5414
3934 3520
4151 5541
4739 7280
5996 3439
6407 4089
6428 3128
4396 291
5023 4643
5308 6987
6265 1378
119 2168
120 4480
1434 306
1596 58
2499 6050
3368 8259
3624 6373
3881 8541
4194 3658
6202 7294
121 2656
179 1838
579 6425
694 5531
755 3073
761 1104
938 6472
990 2814
1071 5575
1979 4707
2413 5052
2778 4795
2880 6669
3393 5634
3481 7657
3584 98
3871 7563
4920 1350
4971 2367
5188 5382
5645 4260
6253 8133
6513 2034
6621 6559
6706 1081
7424 8142
7947 4310
8004 8004
8352 4258
123 4361
226 4310
981 8250
1043 4288
1950 6068
3577 1240
3941 7464
3944 5505
5067 763
5803 1010
6130 645
6957 8146
8573 5611
124 2182
5462 7761
1011 7261
1599 2963
4189 6405
6992 5277
7881 8282
229 6787
1470 2565
1836 158
3096 3375
3264 4671
4554 171
4658 2803
7269 2364
1108 4026
1335 258
1359 304
1517 4071
1609 3849
2326 964
3786 2985
5480 2966
6531 2661
6710 805
7032 5767
7975 7703
8298 3735
128 1500
1449 2709
7011 4929
554 972
1309 1414
2249 6641
3293 8171
3714 1273
4726 2490
5404 3030
6342 2460
7839 2612
8248 2790
177 4363
384 1314
651 6985
1795 7506
2000 118
2127 6436
2611 6389
2742 703
2786 3095
3208 8463
5535 5082
5549 2904
7045 5332
8090 7596
578 3701
2240 4454
2773 7005
4036 8069
4117 311
4978 1439
5029 7116
5881 687
6873 2852
7857 227
7884 6198
8244 3978
132 5511
2327 5846
3134 1981
4175 2833
4187 2826
7313 1351
8316 7142
2692 7883
2748 4525
3268 3918
4448 1351
4893 8183
5149 5034
5668 3982
6409 5505
7120 6875
7147 7453
7152 4432
7728 165
8092 4101
134 3046
1819 5239
3055 1361
7261 5776
440 2266
633 437
730 4084
1430 8397
1448 3918
1512 2178
1562 7689
3738 4014
3993 3867
4495 4174
4710 740
5249 3550
5721 4550
5806 6351
6855 3115
7675 4875
8346 4258
136 5245
2455 7102
4504 1158
6360 962
6456 222
137 2802
1297 7962
8116 223
485 6284
1024 3508
1703 8387
1866 1572
2172 6232
2452 8056
2516 130
2890 3761
2895 4756
3243 3760
4555 8575
4865 7876
5393 5478
6050 5389
6225 116
6375 2225
6567 6304
6843 7754
8238 5599
139 156
1659 2491
4340 1279
5112 6587
6956 6569
7088 164
7616 446
140 3568
704 3721
3652 6846
8206 1174
141 3054
532 6423
4447 6707
4720 420
7173 7055
142 537
1171 4636
143 4036
144 8310
2535 8171
2822 7877
5310 8420
5679 2432
7168 4570
7706 3069
145 7674
1006 6248
1050 1277
2545 4250
5446 1243
7307 2791
240 7976
566 6992
1804 8332
2732 6323
2784 1536
3047 6636
3235 3900
3699 4963
3853 2173
4342 5432
4417 4304
4926 348
4975 717
5132 4343
5617 7166
6111 1894
6692 6624
7566 4063
7782 2939
148 1128
213 6682
345 2255
469 4083
496 6135
1308 8520
1424 7616
2129 8389
2554 1873
3323 6028
3932 6425
4384 4862
4657 99
4872 1546
5008 1718
6762 111
6837 1578
6930 1828
7404 3632
7466 274
8499 3115
8503 5966
2283 6895
2959 1670
2971 7526
4639 3897
6434 1742
6705 2512
7837 5505
8115 143
8338 7074
160 5582
540 1597
589 5077
622 263
727 3977
733 761
767 820
874 422
875 4101
1026 4830
1525 1765
2133 3518
2239 3048
2683 8427
2904 6562
3006 3244
3036 6324
3110 5415
3679 2578
3722 6598
3777 1082
4088 4901
4736 1901
4932 2930
4986 3772
5118 3375
5146 2992
5378 6755
5384 2381
5406 3966
5520 2266
6347 2881
6532 7462
7030 6489
7407 3522
7554 3824
7595 2369
8014 2859
8096 7290
8387 4251
151 8165
152 4282
315 645
316 1707
537 1229
679 5346
798 528
853 2525
1872 5349
3058 906
3619 4257
4652 5911
4711 263
4727 3163
5710 6108
5768 6187
5982 1352
6272 4523
6378 864
7275 4496
7418 5721
846 2563
1353 547
1862 3424
3839 5722
4039 102
4757 4034
5178 1428
5329 390
5616 5314
6122 6485
6229 5341
6349 1364
6493 4135
6785 5490
6809 3734
7596 4965
7977 8121
154 6219
461 7312
1387 5572
1478 660
1754 2422
1924 3808
1983 3462
2045 8096
2389 6505
2525 3847
2529 2328
2681 1615
2710 1561
2847 2942
3525 3733
3724 7223
3903 4146
4228 297
4401 5496
4519 3353
4759 1494
4921 2386
4954 4724
5274 2599
6383 3648
6402 8355
6647 1964
6912 3182
7146 3482
7410 602
7545 3082
7636 5457
7942 5517
8102 4159
383 7265
1573 469
3101 204
3367 4035
3406 1423
4430 590
4434 26
4976 7027
5452 8018
6874 2481
7102 5456
8169 6863
8494 1483
156 1599
1466 5733
1704 3082
5214 6260
5522 5480
5730 2114
6084 7562
6102 3123
6735 883
8097 8169
285 3613
1068 52
1205 6182
2419 1818
2767 5054
2963 4180
4355 293
4380 2120
4542 2692
5741 7061
5946 1071
6767 6361
8274 5244
8284 4269
8438 5916
8481 942
1013 6321
2055 3066
3459 2367
3753 7801
159 2197
232 4402
808 1067
1737 6091
2677 548
2819 4969
2889 5799
2928 1208
3850 2117
4212 8184
4398 3226
4454 7738
4625 4935
5182 7054
5735 5252
7847 4516
7949 1982
1429 129
2381 1668
3254 3894
4816 689
5103 1729
6259 279
8490 900
161 5348
327 1179
1021 2599
2058 7983
3088 5426
8566 334
197 6076
260 7961
544 2198
971 7862
1350 4597
1616 1584
2134 4733
3954 3526
4100 4517
4586 6133
4751 5929
7016 5019
8041 1988
344 7179
759 8457
859 4471
1125 1466
1165 3242
1371 6089
1768 2373
1824 2153
2599 3913
2781 1721
3071 2940
3646 6526
3787 4458
4060 4025
4120 6890
5194 8416
5591 5025
6581 6276
6835 3283
7169 2936
7226 6206
7259 4024
7985 2780
1328 4409
1970 5730
4763 596
5981 7954
6449 2681
6563 8316
6980 3878
8252 4195
560 7430
954 4215
2390 4699
2420 6201
2434 5891
2650 1832
2680 1007
3028 6182
3030 5014
3094 4879
4363 8321
5415 2480
5449 2102
5458 117
5518 8188
6110 3372
6292 5077
6320 5506
6337 3085
6354 3007
6503 3307
6934 5761
7316 1326
7697 8324
7860 2979
1422 1601
2896 7521
3847 922
6539 6968
8219 1657
421 764
2652 6322
2964 947
3645 6239
4697 1063
5070 325
5270 8431
5725 1753
7680 3829
168 5591
1791 1796
2303 174
3306 5800
6286 4509
6982 5844
7409 1132
3105 8169
4478 8405
4556 838
5401 2515
5937 6925
6610 3357
6711 4948
7458 1961
8177 2339
1269 3963
3333 3145
3474 4730
3519 6689
4350 6255
6316 6702
7716 5811
8542 1804
646 6123
772 4461
1898 2058
2324 2132
4452 6116
4676 1212
5505 1897
5714 1144
6867 2397
7999 416
8311 2624
8432 615
1054 181
2876 4286
4033 5174
5882 4339
7076 3013
7853 6395
1341 5540
1496 6019
3542 6072
4498 1315
4754 7100
6128 8398
6412 143
6834 2955
8439 5400
174 7005
481 4182
1220 2467
1432 3667
1893 1070
1982 7824
3414 3923
3621 7879
3671 2591
5056 2213
6772 2571
7238 681
807 5703
963 7953
2646 1784
4812 4300
5685 2016
541 6522
1132 8551
2315 1994
3248 869
4104 1837
4433 4943
4493 6979
5773 8312
6021 837
6569 3662
7010 6825
7610 734
7695 5917
8356 7693
681 6128
6737 3816
8398 5704
178 64
322 1751
4251 3395
5502 3188
6674 5032
6815 6323
8033 1382
647 3799
2194 5684
3967 4283
5974 8254
6444 5368
7462 2542
691 7056
1144 3220
3545 6950
4880 7117
7527 5822
8313 7293
450 2905
1164 3493
1679 3023
2149 8024
2445 3127
2453 4204
3032 4886
3281 5801
3846 1024
4295 597
4488 8136
4632 1919
5438 8565
5870 4503
6060 7865
6066 3991
6907 736
7751 8254
2481 4615
8239 241
8495 3568
747 7551
2723 7716
6616 642
185 7808
968 5567
1152 4720
7377 3737
1317 11
1911 6872
3297 5008
3469 7996
3883 1530
3969 8405
4057 7066
4667 1486
4891 536
4911 6358
5240 2038
6247 8096
6833 8250
7678 7395
7841 7425
8263 4131
8357 6259
8424 5902
8448 3012
187 3467
854 7726
3430 1572
468 7707
1303 4655
1699 4805
2106 7634
2479 6096
3146 6527
3727 8417
4597 747
5192 2851
6673 3694
7219 4345
7420 6594
7504 5012
8360 4310
434 377
656 6643
1553 2925
1820 7590
5601 2411
7136 4634
7886 7594
8241 4388
8575 1865
738 5658
1296 2134
1578 4415
2168 7020
2511 5856
7499 2044
7763 5228
822 4656
902 7414
1161 1850
1833 3570
1846 2874
2478 5707
2724 1288
3295 5329
3517 2581
3610 2491
4086 7856
5397 8179
5636 2908
6048 3626
6899 8405
8506 5784
192 5092
818 299
1236 6321
4261 892
4592 1989
4684 5145
4940 2699
6339 3245
1107 11
1210 7932
1460 8140
1557 3186
1628 4491
1725 2835
2242 4084
3151 3004
3439 7258
3596 7340
3609 589
3921 173
3997 3074
4011 1393
4306 3170
4323 878
4361 7562
4438 285
4479 7622
4608 6587
4841 5822
4917 8190
5173 410
5421 6307
6042 8095
6228 3649
6361 434
6388 6956
6474 5038
6475 1468
6555 6693
7104 3023
7585 1213
7870 5814
7903 1573
8010 2075
8335 4572
8359 1830
8471 3414
660 5063
4557 7978
5475 4818
6870 7569
7819 6377
195 7460
741 7107
1393 4415
1822 1481
2227 6139
2321 435
2916 427
4418 8205
4778 2348
5034 6702
5328 1265
5618 4170
6478 824
6840 8359
7071 5931
7106 5359
7925 701
8106 3865
8264 7649
490 3665
2205 1169
4738 7878
5042 3704
5083 560
8509 3537
1358 7196
1367 3374
1486 3862
1729 6595
1874 6632
2603 7818
3370 1040
3711 1330
4296 4322
4551 4116
4936 1884
5004 613
5360 1869
5595 7528
6209 2743
6587 7751
7294 5038
7828 2433
8375 6437
198 453
267 1652
668 4973
3234 5483
5332 8003
6200 27
7625 2131
7752 1771
8562 5594
199 6258
1471 5783
2811 783
3487 7418
1482 1163
5054 2464
6634 7379
6828 8152
201 5273
1272 4203
303 5513
335 7128
464 5335
865 5050
966 6730
1201 5838
1875 4359
2042 7260
2248 3966
2272 6665
4093 7126
4803 5357
6022 7923
6615 370
7997 2952
8083 2668
8517 8554
203 763
1440 3112
2294 4048
4879 5974
5472 6048
5504 7951
7439 6613
204 4695
2788 3356
3421 880
3950 6092
4213 6284
5952 1485
7549 4642
8382 2572
1314 5631
3960 7252
5998 6091
571 7710
1130 7016
2586 281
3117 7295
3900 7842
4471 7941
5602 7895
5879 1827
5884 2581
6860 7160
8124 4937
362 3022
1368 173
1405 6563
1631 8142
2339 6304
3278 1858
3462 6400
3687 5762
4125 2524
4441 4367
4455 5497
5111 3182
5251 7233
5327 1133
5641 3201
5877 7411
6323 5001
6776 4443
6810 4897
6894 6440
7354 8214
7500 6844
7664 2560
7973 4758
8006 1194
208 4662
596 100
754 5211
779 8454
3392 6816
3795 1434
4214 4731
4643 8427
4867 6953
5060 6670
5907 5343
6566 6308
7059 4513
7296 7001
7770 1926
8109 431
8381 3364
8567 1070
263 1089
3456 6751
3526 6502
7099 7927
7155 3294
7601 7239
211 8295
1540 7562
1150 5563
3984 2806
4733 2697
6889 3084
441 482
577 3634
742 4954
1692 3227
1716 3023
1916 3701
2010 4189
2430 5808
3193 1324
3225 3779
3229 1577
3712 8425
4979 7266
5052 4211
5309 3613
5661 2871
5767 747
6500 1342
6800 4802
6812 6666
7202 4624
7265 7196
7277 5891
8150 2957
8368 7749
1023 4623
6281 7716
1254 6173
2943 5922
3328 1886
5534 3844
7263 3091
7863 8157
216 7663
2543 8050
3744 3046
4642 5539
4773 8454
6436 6071
7633 6432
7879 4196
217 7652
287 4242
804 6977
1129 7158
1895 3760
1918 5505
4268 6206
6177 4912
2415 4426
3114 2696
3259 6425
5571 233
6900 5532
7491 6725
7563 7107
220 6521
325 7939
1501 5701
1766 6892
2476 982
4459 8343
4832 4598
5267 4565
6033 1349
7232 6575
8325 7503
586 5667
1524 279
1730 4874
2038 2850
3209 7987
4689 1557
5123 4962
5221 5709
7293 140
8061 1726
359 283
370 1551
612 880
771 6705
1184 3638
1188 7254
1973 1565
2675 859
2743 5483
2872 5348
2937 3356
3528 1371
3710 5955
3741 1370
3773 569
3946 607
4828 3340
4905 7176
5073 4794
5560 8128
5964 7927
6115 5248
6187 5525
6220 3601
6570 5750
6790 4404
6967 6546
7056 5137
7082 953
7705 7404
7807 3468
8234 4913
8386 362
223 3090
275 7223
507 8559
5781 5395
8128 1630
3776 6674
4144 1997
4637 3389
5984 7704
7097 2717
8086 175
346 988
552 1006
2444 4764
3829 7494
4374 4216
4762 8489
4908 4448
5880 6971
6538 1905
7615 1741
7658 4432
7936 4339
1078 1389
1257 8205
2998 3007
3503 2000
4564 4521
4744 662
5200 3126
8161 2278
2273 8212
3171 1495
5516 2571
6076 6754
6976 7645
7065 3355
320 1512
1199 2625
1604 103
2906 4958
2968 8281
3836 4705
4619 8489
5783 8432
6241 7531
6431 7195
6530 2230
7004 3275
8464 5453
401 4700
488 3659
509 4817
1106 5144
2243 1046
2316 5504
2541 6359
2902 6115
3138 7051
3330 3760
3663 8415
3902 8256
4290 4419
4874 7316
6602 5850
6906 4499
7701 1474
8246 2491
8276 2117
8482 439
233 2882
1010 1595
4574 1365
5047 3490
5363 6232
5845 3631
8158 770
8430 6689
234 2447
617 5901
1442 3153
2175 4778
3363 235
3638 1993
6163 4076
6289 7072
6669 5875
8220 1614
8307 3444
522 3111
1849 7097
2085 7363
2200 4642
2414 3683
3292 783
4215 759
5609 2632
236 8383
5856 2660
237 292
6222 6570
887 2087
1731 613
1995 5825
2537 3178
2577 7609
3253 2209
5139 4163
5197 4029
6027 6558
6059 7436
6199 2188
6816 914
1691 5484
927 5687
3909 1404
4223 3751
5260 2220
6056 6482
555 5093
1245 1166
2753 5261
3813 8243
6097 4177
6394 2322
6421 2772
6425 4894
8253 6648
850 5744
1395 4671
3555 3309
6492 4646
6617 2725
7511 2607
7965 5456
243 4136
3279 5104
4090 5522
5296 7271
5575 1701
5772 7703
7215 6163
7488 1036
8089 7525
245 5591
795 2622
1391 8445
1598 2631
1992 5938
2330 1487
2654 2680
3056 6670
3987 906
4201 2047
4678 2563
5361 6738
5555 6752
6154 7015
6334 1684
7327 5234
7339 6825
7383 8487
7606 5782
8062 7655
8143 7686
1038 6563
1364 65
1994 4569
2620 2708
2972 405
3336 4094
4128 878
5099 3931
5177 3297
5691 1593
6481 5283
6885 5998
7177 4382
7605 5246
7617 8100
7626 7228
7833 2633
8149 382
248 3274
1235 883
2278 2159
2699 4487
4337 5628
4545 7185
4747 1076
4853 255
5405 1167
5418 5104
5494 7720
6211 517
6869 723
7164 296
7486 6128
7672 6354
7687 846
318 6774
657 7072
2314 288
2383 229
3152 638
3713 4049
4611 8397
4614 990
5086 5395
5828 1556
6151 3367
6167 723
6385 5026
6865 8311
6868 3068
6964 986
6972 6314
7189 465
7510 2173
250 4013
674 4669
2048 7002
2162 4117
3338 7586
4045 5057
2208 7840
6665 7373
6893 4524
7572 578
252 2563
373 3307
871 837
991 8532
992 959
1506 5711
1713 4391
1850 2550
2084 2824
2463 4349
2832 744
3409 5598
4352 3324
4520 2105
4664 3854
6546 697
6733 6405
6879 8280
388 1850
602 4686
3059 3394
3706 5769
8299 7218
254 3548
1906 30
3803 296
5205 4123
5553 1807
5598 1246
6293 3755
7956 5054
3757 218
5727 2634
5827 4188
7659 5171
597 4380
1959 54
2491 6575
2905 7291
3801 669
3959 7690
5507 5084
5523 3076
5542 5014
6252 6432
7714 1257
8085 5985
286 7138
525 3072
984 5757
1228 5469
2725 1278
2821 469
3026 3524
3089 3259
3238 3853
3539 118
3604 5840
3607 669
3774 4665
3936 8113
4315 1340
4439 3955
5287 4434
5440 3342
5484 7121
5898 1881
6019 4613
6663 6089
6851 8347
7305 3542
390 1764
399 2305
467 866
782 3844
784 4012
833 4358
1076 7293
1380 6593
1814 6077
1935 6502
1946 1657
2108 1551
2152 7163
2382 2968
2487 2434
2656 945
2761 3382
2949 896
3316 7539
3643 4554
4644 1730
4702 1590
4718 5841
4887 3062
5032 2289
5201 8267
5223 8187
5989 3376
6274 851
6453 7056
6849 6599
6902 7247
7356 6003
7460 6632
7515 1325
7594 1572
7848 7248
8016 6589
8034 229
8098 7179
8179 3723
8451 2564
8544 4373
259 3961
2217 4131
3758 7233
4593 2902
5892 710
6938 7757
6963 1109
1464 72
2406 456
4008 2085
4550 5053
8409 8509
700 6138
1292 2350
1475 236
1633 7258
1828 2214
2256 3257
3410 2140
3705 7171
3994 6790
4157 6000
4719 3598
4998 2507
5246 6876
5344 8397
6000 6853
7423 4502
7648 6837
8350 6051
6043 5223
709 1390
1069 7261
1206 602
1325 2942
2546 7901
2772 1754
3257 6519
4443 6955
4604 6932
4899 2757
5628 6057
6161 5746
7832 2434
7769 4056
8483 5807
265 8473
2526 6998
3613 5046
5071 8435
5202 4241
8121 8518
835 838
1590 6357
2392 2575
2940 5873
3087 5027
4275 791
5169 2019
6827 4433
7216 334
7876 1868
8111 782
8148 6367
8353 6248
424 8234
439 2029
1669 7237
1802 7014
2512 6646
4470 3215
5558 3711
5676 503
7980 3155
268 3306
5454 2404
6875 7424
1805 2270
5259 170
7613 1235
2368 1841
3216 5692
3876 783
5322 6586
5785 2928
5840 6685
7502 3269
271 2171
6817 1438
8245 2367
6398 2595
1166 4226
2823 2131
3562 7989
4040 6127
4184 3668
5780 4336
6629 6006
7644 1621
291 6273
294 2307
2329 3874
2425 8564
711 8246
2474 141
3785 5824
4594 8492
5245 1959
5603 2282
6401 376
2584 5435
6186 991
6888 7734
3506 4159
5917 7304
279 3877
1548 6107
7145 5392
7645 772
698 7527
1036 6646
1117 6150
1504 6389
2277 8427
2658 70
3484 6031
5078 3155
5690 7209
7852 7541
284 5191
735 3008
4466 7685
5001 1426
283 154
4254 7537
6254 3006
1660 7711
3080 3121
8043 7510
1585 5121
2221 118
3252 566
7954 894
1094 2846
1311 3182
1666 2972
1897 7801
2573 5428
4124 6762
4408 5424
6498 4622
6973 7563
570 6160
965 4865
1141 6937
1214 2883
5868 8293
1324 2941
1668 1227
4050 5354
4450 8126
7290 1087
298 4858
1672 3319
1847 4255
2347 1799
2931 5180
3873 966
5894 1971
6176 1469
6763 7621
6824 6937
6861 2694
7018 1800
7521 1480
7685 2752
8291 3470
8444 3331
4881 1163
6311 22
7984 5147
692 4189
3347 7865
4687 2079
3794 6229
7547 332
1752 5075
2125 2342
1356 1457
1685 410
2378 8297
3655 777
3784 3332
4089 7014
1355 486
1921 3164
2927 92
5659 2496
297 5387
994 5015
1538 5065
3385 2760
5878 591
7118 5048
1383 3045
1727 688
3198 7893
4043 1281
5315 425
6244 1419
6525 5685
6702 3005
7867 7851
4989 2437
5174 3902
300 5591
2089 4517
4069 4469
5604 2455
301 1716
580 7497
1735 3444
2017 2072
3116 3692
3199 7292
3303 4176
3315 7399
3591 4294
4419 6656
5861 5338
7452 2383
7637 8073
7639 2295
7912 6758
4083 1757
4934 3183
304 7950
2473 1738
4722 2585
5526 4613
1306 1647
5272 8071
306 8540
2530 5775
307 5219
3730 6517
903 901
4933 4292
6549 4115
7359 7189
7394 4664
7778 7818
4077 7742
1602 5497
4906 7992
6818 5160
4056 6110
4137 287
4796 8347
7800 408
7805 623
527 2267
838 3535
2966 8381
4145 539
6756 5881
6838 5346
3420 148
5372 4633
898 7804
1706 6495
3310 3979
3963 5126
5057 4569
6496 5462
317 3535
1772 149
5795 635
8344 4347
1451 5377
4516 511
5193 1162
7264 663
319 3789
4768 5902
7955 3826
8258 2300
323 1494
883 1312
4156 5061
324 8248
1607 2067
7657 8547
2686 2043
3361 5923
6283 2093
7170 6166
8443 5522
326 5442
1412 7572
1839 604
3162 6917
3804 1944
4087 8296
5003 2661
5119 6884
6193 888
6560 4505
7298 7277
328 2855
2102 900
2875 6355
4714 4867
6595 6074
4291 3743
4834 2355
6997 4399
4552 875
8399 5859
569 1384
2020 4774
2888 1388
3332 6388
3868 3103
4242 2787
5736 3244
6648 6524
2483 6168
7240 260
334 6986
8462 6837
1474 6503
2900 4329
4391 5155
6410 5533
336 3036
337 5836
338 2840
1519 5168
1534 6162
1739 4792
2663 1435
3806 4126
6823 6583
595 6749
701 4855
2276 3729
6280 7751
7157 7176
341 5398
6695 2957
7726 5079
8485 7766
2179 1891
2785 6523
7332 8267
7614 971
343 1565
725 2326
3552 8228
3968 1746
7191 5463
366 5220
5347 3845
8461 1828
7163 4640
7754 348
3575 4063
4135 6
380 6187
1612 6659
6083 260
350 8041
5586 6381
351 7340
2079 2348
5155 3520
5743 7235
8293 316
352 3421
1651 398
7864 1406
922 7774
3371 6389
3442 2191
6607 4686
8287 5099
3366 2142
6488 1777
916 1619
2508 5963
2812 8225
4311 7734
5264 4715
7453 1596
7768 4492
8532 6454
2021 3105
2261 6470
3137 4302
6239 3392
7571 4023
4030 2961
4262 5424
5209 4128
533 389
1941 5
3010 1828
3173 4686
5817 6684
6312 3930
2066 8327
5367 698
6872 2597
7662 7280
7692 6302
1304 3068
1498 1651
4935 3097
363 3435
3750 3843
4995 6963
7709 997
8024 8245
364 418
4772 3652
913 4650
1621 929
3974 2907
4096 3707
6465 8385
7522 2734
2703 5508
2930 1774
5648 5640
7970 4046
8001 3005
8540 2279
367 2169
1589 3736
1961 6204
2641 7847
2897 8338
2938 8147
4701 7839
5191 929
5854 1532
6487 150
7913 2144
8002 7714
368 7595
6144 7688
6303 2563
6618 996
8385 8338
3911 4825
6829 3603
5199 6075
6799 3203
7737 5505
8250 928
7158 889
5381 8103
5441 2103
5855 6998
654 1342
666 4324
1175 6015
1495 1943
1635 7294
1707 2392
1996 3617
2454 2518
2839 3482
2868 6558
2956 5101
3302 5598
3382 1081
3680 6178
3682 2550
3819 2383
3931 8243
4160 7612
4188 8446
4617 7618
4799 7299
4817 6918
5181 2017
5823 5669
5913 4253
5970 5559
6255 1996
6300 2109
6408 8087
6632 8204
6862 6215
6987 2068
7142 3982
7509 7108
7660 5834
7748 6890
8480 1285
8530 258
7457 1104
7786 8447
8201 2550
1098 7098
1202 4780
1775 3864
2344 3224
2934 368
4005 3574
7062 2432
7373 3312
2805 6694
5789 5633
6344 2484
382 4260
1085 6796
4449 747
1528 4942
5963 542
2816 3386
4537 2434
6923 7663
6499 5532
6552 2047
2284 1845
574 4628
1155 4233
1226 127
1622 7663
2945 6201
3210 5734
4938 8353
5815 6365
6441 3953
7686 7236
8076 7399
8521 7780
1577 8043
2860 4587
6777 7904
8416 8327
2012 3686
3202 7426
3654 1648
4615 2213
5179 203
5614 6977
6466 7933
6639 6534
6072 7213
1910 4167
396 7712
1488 3549
2023 3964
3086 5020
3478 6958
8522 3154
1556 2411
1779 7925
1070 1357
5634 5089
400 3016
995 6818
402 3696
5289 1388
7459 7607
5517 1770
404 3529
1720 4197
2306 8229
2514 7840
3172 1835
4012 6349
5943 376
6261 6200
8366 6362
8465 8164
611 1050
3885 1701
4113 5935
5726 2184
5862 4387
8126 5066
8436 4097
407 695
2095 2274
2878 1501
5203 5734
6302 8004
410 155
411 6803
943 6811
1473 1026
2226 2269
2828 7146
3331 1466
4409 1064
5013 6396
5038 2213
5886 7001
6707 537
7222 1241
8053 815
2700 4676
7937 8268
3188 2330
1302 4762
2160 2924
416 3545
1536 7227
7055 1795
2029 1257
3904 32
4158 153
2236 3103
3433 6823
8133 5238
423 6178
2815 6237
6223 7057
2634 5252
4568 456
8286 69
8365 5983
8569 906
2749 1314
2977 3772
2953 3767
5273 1579
1999 1609
2762 3732
6134 6180
7009 6367
428 5430
8523 6759
429 8517
3147 2653
3396 1449
3964 6724
4191 7780
6411 4573
6458 2488
1265 2102
4589 5784
6679 3310
7793 6131
1095 6523
1410 8413
4249 6474
4425 355
4469 4944
4666 955
7237 6754
7565 8127
7592 5947
8571 8122
433 8058
4399 2921
2801 2037
4253 7206
4422 6332
6620 5125
7336 1811
438 5075
5979 7008
553 1211
985 208
3451 4852
3896 7847
4912 6330
4922 3473
5353 4619
5460 4416
5857 1240
8208 5559
8534 1636
442 3350
502 4281
1689 7867
1853 7522
3320 2022
3841 2471
1111 1666
2976 1303
4866 3350
444 3010
2140 2964
5244 4936
6845 5266
791 6804
1930 5215
3924 6243
3951 7653
4389 1159
4624 8393
5102 7239
6811 6958
7436 7598
7480 2024
7816 3579
447 121
3289 601
3598 3609
4569 7155
5235 6246
1532 7495
5331 3932
7440 6388
2032 1803
6013 1631
6469 2801
3797 8235
1978 2230
6551 7156
454 118
2716 4401
2451 3856
3996 1348
542 1217
1650 7139
2858 7189
3378 4159
7434 3074
5624 3020
1809 2220
740 2643
3016 4238
3942 5560
6796 991
6859 2173
1468 5753
1899 4576
4289 1746
7187 350
7241 8334
1789 4959
3158 6034
466 5262
3339 6645
3733 3507
3454 3515
5899 2428
7546 7341
3573 5417
851 2100
6933 1293
3817 1898
473 8507
2424 5539
2522 7713
2733 7325
7583 8100
475 6727
3226 6154
4107 150
6848 3023
3890 6410
6005 2307
479 6045
1773 6620
1813 6655
6061 3884
7083 2397
7968 926
480 1807
1240 4487
2214 311
2416 349
2575 6803
3953 6015
7393 1166
7916 3041
7932 6353
3463 6898
7125 2563
592 6599
2063 7735
5304 561
7516 3903
7086 3818
486 3996
3541 55
1255 5999
6895 8
6898 4285
7468 1077
1718 1706
2369 2308
6213 1608
8442 6616
931 788
1173 5975
2077 3898
4065 5973
6314 4247
7338 8090
868 6272
2539 3432
3317 6581
3423 1583
4142 7162
5351 2491
5909 3617
6045 8300
7730 4090
2625 3523
493 6612
6127 5542
3606 5196
1191 6203
3398 1657
4091 4049
6656 2166
8223 5607
585 5195
4192 2923
4712 2364
7966 7987
8484 2048
2177 7634
3602 6964
6778 4946
6968 2348
7820 6528
3637 7862
501 7290
1037 375
1417 8180
5589 165
6260 328
8406 4220
1056 2941
1543 6813
2636 4849
4126 5782
6455 816
7919 1599
8173 3512
876 519
3870 6443
4477 7938
6708 1779
5252 6762
7787 1764
508 719
4629 519
5198 7534
511 4111
4968 3721
4413 2264
6207 8552
5183 6141
5551 3314
1871 5505
2135 4492
517 562
6192 6419
7495 1966
1723 4027
7031 3393
3015 6761
4566 3884
3779 2604
4304 776
4534 759
7845 2247
521 4346
777 5836
1582 4892
1957 4233
6038 2275
7392 3331
7654 2587
7544 7789
3177 7042
3729 7880
529 845
534 6036
1096 6351
1320 5134
6821 5827
8069 2223
8343 8013
8217 2897
5358 6467
4318 5814
8527 1961
3093 1264
3107 4764
5897 935
6155 6255
7638 2494
1511 2695
6218 7018
7058 2668
1413 166
4381 5536
5184 3424
843 5010
1554 6975
2014 7240
3222 826
3395 2997
4204 3072
4894 1023
5470 6052
5482 2716
1421 1592
3674 7786
7907 659
2218 8036
1746 3538
7780 4699
559 7589
4256 1620
614 7554
2275 942
3498 1136
3670 2368
3862 4600
7363 7066
7736 2365
861 1477
5352 2056
6216 6345
567 2183
568 281
4070 5477
4815 6475
4694 6317
2159 1008
3335 6655
4141 3602
4202 6997
4600 6789
2399 1652
6140 3395
6064 104
1989 6147
2431 7500
3728 2105
5075 7123
1696 7814
3734 116
581 354
2776 1531
3009 3803
683 816
707 2026
1285 4192
1388 2627
1477 3822
1575 4703
3124 3068
3751 6898
5266 2194
5356 2113
6227 6887
6554 6756
6687 5712
7357 1977
7402 374
7821 118
8103 2471
8112 1195
3233 6417
4440 7126
8414 4832
6164 3057
8560 187
8231 2291
3197 5041
4131 5616
6883 4325
8013 2449
1510 13
2270 3604
1647 5753
6576 6344
6937 1313
7115 3451
5570 6388
593 4076
2536 3695
5865 7239
8117 2871
6191 937
4022 7924
6534 5859
6627 3345
598 3138
1544 3915
3327 1516
5248 6096
3120 1337
5919 6631
7039 723
2299 7222
3952 2283
605 5961
7702 1689
5992 8090
6236 6729
7096 2854
1674 4040
5408 1837
7426 1702
3164 5474
3218 38
3838 2471
7250 3732
2504 1501
7896 4230
615 2064
2992 6470
616 708
2590 2287
7781 2685
7288 8254
7148 1047
2910 4279
964 3126
4993 1699
7134 6380
8488 22
623 7063
1116 6779
5715 3566
7140 3861
625 6449
627 7780
2759 7813
2766 802
4598 8168
3351 3886
7798 6166
1267 178
2187 46
5819 5545
7967 196
1315 2988
3079 8565
5255 6208
4761 3157
4959 1300
5631 7996
6215 7948
6459 1716
7630 4495
638 5454
6794 1353
7877 6709
7556 7155
3379 37
7445 6166
6362 8031
2701 3328
5127 6656
7750 2213
652 3870
3427 2888
3910 4852
6317 3202
3824 1598
4402 4272
4649 2858
5061 2301
1382 851
2031 8208
3508 3985
5506 2359
5911 1445
6031 1373
6162 6375
7518 6739
8289 2851
847 6109
661 5109
1584 782
4923 2975
5171 5258
8113 4572
5562 2639
664 1375
1887 323
2580 5990
3159 1927
2562 7074
4064 1827
6291 3052
669 267
2070 4426
5232 837
8114 4594
2556 8391
2630 7236
6248 7548
4918 7751
1807 2159
5597 6163
6170 6034
7481 8403
676 1141
7461 3030
677 6890
3747 3835
6653 4882
3285 2481
7235 1055
8051 2956
684 1685
685 5215
3153 32
2510 2287
4334 3313
687 4202
718 8485
2936 324
3589 2231
6686 1041
8018 3125
2015 2475
3170 1636
3761 4957
7944 4363
695 544
696 477
5299 2634
5342 1802
6842 939
1231 7967
2405 1734
3988 1597
4143 7982
5744 456
7712 4408
3455 1378
3497 5731
4400 4732
4531 4236
7425 5448
8180 1403
1863 333
706 7890
7489 4029
4310 745
4706 2483
8474 5232
1844 1960
4579 4495
4928 4791
3760 3505
5686 1083
7785 7839
8433 306
4484 2207
3891 4214
6105 3106
6432 3802
6078 6024
5745 399
6660 809
6751 5561
716 5972
1329 3179
6237 4163
1411 2263
1636 2921
7244 1768
8574 998
2301 6940
722 173
723 8240
7562 7829
724 4041
5846 7607
728 6668
3312 237
8431 6182
6052 6579
2360 5089
5161 5915
7890 4728
732 5796
3746 3440
5442 3169
911 2926
928 1962
1264 7752
1759 3032
1812 160
1856 5683
2139 4890
2195 4304
3168 864
3390 4550
3759 3108
4174 330
4316 7308
4583 3878
4808 3213
5089 1655
5540 2176
6559 3277
7015 3088
7073 4735
7321 709
7559 8332
7650 3022
8372 8483
987 403
2838 6030
739 7682
891 1384
3886 7200
2955 5474
2999 2659
5187 1487
6703 384
7429 2789
7688 2510
7757 7376
2485 691
3081 5103
1841 1136
2633 5731
3732 3022
4660 3216
8519 7767
746 3094
1159 6262
4845 2502
2702 1997
7560 8282
1761 8367
3837 551
750 1456
2109 8133
2834 281
1136 2957
2222 2837
3436 5482
7132 6637
756 8533
5940 3612
5847 7067
3357 7893
8516 438
1570 8112
806 2957
786 5161
1642 4394
1732 1520
2422 468
3039 669
4277 4731
5896 6912
8455 6540
4084 4747
1958 6953
780 3850
4966 8494
5492 1036
2387 2564
4826 4881
5705 1998
785 683
1741 1750
4681 6101
5424 1460
6802 2508
6908 4547
7353 3911
3384 3468
6614 8363
999 8474
800 6768
1942 6770
803 6100
4035 1570
5563 3214
8163 5761
809 2436
8132 1976
3702 5887
1879 6622
2039 3552
5383 5145
815 66
2637 7107
816 6194
817 5183
1614 6610
2297 6973
2698 1531
3640 2101
4945 2877
5503 1506
6304 4405
6854 3317
4842 3873
1770 8202
6256 656
7128 1159
7297 5532
2110 912
2482 6349
8305 4598
832 5806
1153 5477
2627 1546
3737 5982
970 5217
1683 6305
2662 8169
4502 7674
7041 2269
2825 1236
4957 3970
4108 2720
4392 45
7109 3416
8469 329
4852 4862
857 8402
4336 4947
1375 3868
1901 4038
2237 1105
1490 2442
8165 3007
862 522
863 3030
4210 3611
5830 5067
872 4023
956 499
5801 17
8036 5658
2203 551
4749 1302
6003 7635
3002 2480
6857 8210
6100 6826
1786 1786
2253 4981
2266 174
3365 1617
3985 6318
5834 7236
1030 953
1753 3680
894 4238
4977 2344
2395 8239
3627 3204
904 2957
900 3603
7723 1653
901 6861
7961 4555
3145 6022
5368 658
7124 4233
910 6711
1571 1301
3980 7986
6975 3162
7181 3846
8178 6513
1230 6799
2756 7684
2087 27
2471 445
4155 1050
5176 8256
6831 7565
7535 7531
8367 3264
8500 1420
3756 2188
1227 3692
3802 1212
4309 5629
6989 3611
1072 1962
4490 264
6795 7788
7738 2459
1861 4750
1143 2079
5485 5312
3343 8342
3938 2790
1332 3636
1624 801
4547 5757
4623 2873
941 6503
5566 6028
8228 1159
5115 802
951 3546
952 1264
1121 1686
7023 6449
8466 3059
1934 2578
4862 1652
6012 6316
3025 4995
1273 4210
2560 7356
2288 4584
2644 6850
5869 7792
2122 2993
5501 7775
5707 1725
7619 3228
8249 5459
972 5637
4154 3576
5095 4485
3271 8024
1859 5929
2002 5356
5716 4405
7911 5869
977 1680
3249 456
7360 50
1800 1957
7971 1550
4750 412
4163 2164
7431 2032
989 5244
1883 3204
4139 5337
1944 174
1249 352
1649 105
3518 899
3843 2445
4364 6986
6841 4066
2069 3204
6416 8251
6697 6344
8556 7072
6103 5819
2694 865
3143 2752
1008 7477
2341 8337
5230 1165
7922 5097
3265 4823
1031 4712
1034 6341
3242 5128
3534 1685
6117 3235
7810 4326
8251 5173
1491 4972
3815 3376
4067 2597
5528 1972
5829 818
7558 5866
6297 360
2907 2354
4217 7862
6990 5579
1425 570
2013 6737
4969 4892
6584 5362
1045 8343
1687 3005
7317 3876
1051 1523
5427 512
8226 1507
1057 3546
7196 7117
1059 409
3457 7189
1064 8179
4833 5251
3571 8510
1646 3374
8558 631
7221 3250
2458 6240
4743 7142
7283 983
7681 7415
3175 750
1079 5824
2863 3751
7640 1855
1082 4191
4846 2927
3051 295
1086 2094
4549 410
8093 2908
1917 1524
3228 3474
1936 6690
1100 5247
6882 1565
3995 4107
1105 5528
2308 1361
2691 2356
6440 296
4903 3400
2696 1273
2939 286
1112 4745
3044 3395
4265 1125
5824 7448
4362 4415
1127 3491
3286 3224
1133 1881
8198 5941
6332 205
6369 2262
7676 7157
6693 7944
2870 8409
4341 650
5365 3105
7007 1981
7885 2352
5524 7916
6820 8197
8257 4970
5165 7426
2132 7850
4709 6446
6147 2021
1441 560
6495 5934
7375 1707
2595 2313
1189 7842
1190 932
1195 2795
5323 3944
6830 1021
5891 2096
6515 793
4499 6307
4501 1424
1606 6126
1200 5752
1653 3169
1933 2973
2185 5152
5525 5263
1204 6579
3219 955
4870 1594
6657 2265
4231 8029
6133 690
1208 2605
3053 5810
4303 4521
6605 5446
2142 1138
1212 6365
4538 1699
1221 5609
1225 118
1234 4364
7258 2350
7331 5423
7809 5317
3771 8373
1461 7886
2553 5619
1469 1227
5926 442
3360 283
4017 8331
6350 6920
8473 4237
1253 3187
6058 55
7542 3622
1266 3114
7519 2370
5100 5839
6417 6191
8429 5027
3593 1075
1610 4516
1698 8286
1276 2145
1278 5579
3639 5782
1279 1330
1287 6620
6775 410
7411 581
2594 3783
6482 5893
8528 4841
5957 2258
6489 4534
2850 690
4180 1303
4042 3985
5532 6745
3290 217
6014 2916
6971 2591
6032 5709
6590 8134
1319 6814
6890 1814
2947 4402
1327 796
6258 4364
7699 269
6716 6730
1345 6364
3524 3473
1349 6793
3391 6489
6119 6215
1374 7785
1357 5000
3821 1356
7627 5637
1366 3279
8577 1578
4423 8556
8379 5522
1923 6393
2372 4208
4942 4931
5499 5284
6405 8515
1750 175
6206 7357
7812 1812
8283 6100
1390 3278
2131 4344
2565 2532
4258 6304
2774 3094
1399 5600
8402 4069
3961 5133
7611 925
3125 7116
4703 3020
1644 2964
1408 1034
1762 6266
1613 3747
1418 4542
1419 844
7193 5128
6637 7390
7208 4095
7333 8564
3017 241
4302 3800
8207 3941
4367 5616
1427 2424
2201 7605
3554 278
1867 4589
3082 37
5467 8522
5833 2494
7369 2171
4792 3118
5864 6297
6913 338
1450 2704
7040 3283
3540 3418
4847 4261
3605 8388
2461 2144
4497 3966
8240 5872
3983 6597
8059 1782
4293 951
1497 2416
7368 3235
1513 539
5766 4207
2597 1097
6114 2424
3345 2067
7366 252
1523 3055
5985 6735
2053 8078
6232 3938
1527 8560
8048 772
5621 1342
3012 7707
5755 946
6074 8270
2193 2383
1560 5564
4482 1144
1546 6443
1551 1906
3318 8427
1555 2925
1984 996
3675 32
4691 53
7408 6595
7095 412
3820 5353
2952 1022
6326 3204
7182 6868
4915 1446
1583 4140
7651 6421
1586 441
4404 3373
7388 8467
2623 6739
2144 2782
2787 6949
1617 8031
2665 4748
2731 1614
5279 5398
6518 2127
1623 3417
5956 8093
2165 4316
5049 5628
3505 6640
3832 269
1648 703
8081 6050
4909 6803
1657 5953
1658 3861
1663 7413
1667 554
8565 7815
1670 5269
7801 3544
6435 6593
8554 7882
4058 7349
5999 755
5186 6081
8513 3372
1709 4475
1711 6825
2260 5733
3458 6888
7370 4691
5412 5540
5395 432
1736 24
3076 658
2657 4171
7091 455
4274 832
8028 5803
4166 7196
6537 276
5961 7787
7669 1281
6057 6707
6847 804
7111 7022
1797 1831
3656 1844
3835 7930
1799 3278
4685 2574
2263 3516
4889 3717
7299 2963
7713 6472
1811 1864
5581 4873
1817 4896
1818 3226
3074 983
1827 5851
1831 192
2635 194
1838 4000
2780 2288
1840 2956
6871 5246
1845 789
1852 3403
1855 4445
2456 4976
3507 5229
1865 7058
1870 36
4635 8146
4944 8100
1877 6814
2340 5687
1962 2132
6246 6576
1884 1310
4673 1239
1885 6336
4411 6418
8151 2030
1888 3831
1896 346
7378 7598
5610 2671
8042 6538
1914 2813
2192 1842
5215 4957
6886 7602
4507 1816
7846 3304
5121 1939
3648 2578
3833 7979
5044 4820
5820 7503
5654 162
2384 5485
2751 4669
8040 2468
3798 303
5508 1794
5994 6000
1976 5476
2605 3689
5966 2175
1990 2159
1991 6765
3213 2231
4081 3566
2018 4155
5233 4034
7711 6683
3716 6558
2036 4913
2809 5010
8467 1812
2057 5058
4825 4917
2062 5884
4753 4787
2081 1851
2082 5496
8262 4407
2090 1153
5769 3849
6063 347
6422 1404
4838 3902
6965 248
7933 7311
2143 7308
2148 3093
5932 4039
6578 5468
6157 3098
7419 7553
5635 4628
4983 5046
2197 603
2202 6071
2555 3496
4248 2501
2401 1103
8391 4775
5692 3495
2687 3141
6007 8295
4638 7352
3447 2873
8167 4136
7385 146
2255 4012
2957 6049
2729 6616
2996 1159
2286 5213
3372 1412
2305 186
2350 6018
5556 1920
6609 2411
7865 7429
8297 6313
2320 2219
8213 5466
4436 5196
4371 4401
5997 793
6267 5475
4272 2280
4403 4774
2342 127
2813 2403
2352 2381
6036 7101
6269 4710
3792 3540
5126 2994
5158 7694
4949 3330
2397 5206
2400 2365
2488 477
2712 4587
6524 4560
7335 7476
2436 6571
5490 1697
2438 6260
7019 4505
2442 2016
5543 1810
5350 2294
8363 8474
4787 8456
5776 4307
6039 7120
6722 5353
2506 8278
7791 4755
5796 4356
8176 3479
2513 2654
4101 949
6651 3127
5403 5956
2524 4624
2534 183
2542 8113
2544 3871
3884 3083
6397 13
3251 7505
2557 6223
2607 2275
5498 7941
2563 2359
3520 8557
4308 4550
6505 6558
8181 7895
2576 3938
2578 5054
5474 3182
8337 5422
2581 6257
3256 7344
7000 4198
2589 3157
2606 5283
4717 6448
4813 5683
6240 7121
7893 3337
7442 1439
4338 3969
7671 6647
7552 5275
8027 2211
2674 8540
5737 1093
4047 3985
4897 489
5371 2071
5278 7424
4655 3893
2721 5872
4746 2838
6770 7191
2727 3628
8091 3548
7037 5141
7229 7953
5594 1786
3582 7812
5046 6051
3867 3023
2768 1434
6948 100
8348 221
4280 3396
2791 2714
2795 4836
3762 3897
5849 6540
4031 5955
2814 5024
3344 7772
3854 4511
6238 7573
4699 105
2855 5439
2862 3608
6510 7494
5669 6356
2884 398
2886 1880
5697 8001
2892 2024
6625 2862
2915 3915
6792 3357
2926 7607
4512 5550
7376 6155
2933 5730
2942 2087
4731 6033
5359 6237
5439 5814
2983 3180
4734 7705
3014 1749
3019 3056
3041 3569
3057 6441
4052 8347
3136 6436
3895 1311
4129 2373
4343 4613
5667 342
8411 2093
3103 8555
3106 1703
3108 7592
4098 5899
3735 4841
4491 1420
3118 3427
5151 196
3129 500
5065 4369
3130 6411
3978 6923
4797 7408
3186 834
3195 7752
3211 4378
6585 5411
5531 6934
6168 1701
4561 6902
3263 848
7655 6173
3492 2289
7874 8365
6471 2814
4675 3588
3284 6542
3294 6884
4819 5420
5388 6936
3689 1487
3350 3333
8205 7595
4014 3699
7184 461
3407 1314
5765 1082
3416 1853
6944 7459
4167 7767
4840 7320
4988 883
7666 6075
3437 8530
4378 3966
3572 1990
4457 5273
3483 2866
3691 8025
3494 2611
5437 2524
4970 6419
4884 5906
7718 889
3536 1608
3561 908
3564 7445
5434 8090
7858 2974
3622 3452
4530 4320
5754 1259
6966 2401
3708 4849
4307 639
4019 8416
6437 1257
3768 4048
3799 3161
3811 7540
3812 6125
4238 4866
5557 1859
4354 7702
4843 5046
6734 5723
6730 7697
4054 4473
4521 7274
6846 6766
5311 765
7001 4260
7960 8392
4855 5572
3919 8071
5262 5343
6389 1851
6920 8276
8292 3032
4529 2085
3975 8297
7741 5960
3981 3
4007 5372
8538 5886
5519 7944
4487 3867
4041 8454
4049 5425
4066 4859
5122 2511
4618 7176
6080 6858
8237 7181
8323 2116
4149 398
4150 4061
7220 5059
8570 4451
6433 1822
5786 4680
7174 5644
5058 1739
5443 4118
5497 2301
4285 5235
7398 4773
5577 3585
5681 229
4467 6005
7243 826
6717 753
4541 3678
4543 7004
5456 2431
4609 3737
4613 909
6749 1056
7813 8454
4650 6722
7179 1645
5024 6615
8437 3307
5321 6017
7762 6391
4783 1763
7280 6201
6852 968
4869 4524
7731 4846
7952 1333
4895 8259
7574 1155
5022 1110
5476 7468
5030 80
6806 6811
6333 2325
5114 4023
5120 5171
8475 2034
5154 3152
5172 1097
6392 3122
5275 1295
5627 2238
5293 495
7628 3174
5345 1097
5376 719
7856 6487
5596 5118
7131 8050
5487 4889
7085 1041
6403 6668
6355 4609
5793 896
6721 7405
5593 6840
7427 1020
5873 4976
5729 1109
8555 424
5988 4408
8029 2520
7260 6255
6325 1651
8021 3854
6506 6552
6445 342
6526 5651
6571 1818
6611 6578
6631 419
6650 6715
6736 4570
6747 1155
7267 665
8008 8491
8123 4756
7340 1432
7026 5354
7127 5705
7139 3384
7381 1943
7505 6455
7621 2241
8233 3057
7943 8061
8576 7502
8493 1983
8550 8086
